DOM_fil,microbe,category,estimate,statistic,p.value,parameter,conf.low,conf.high,method,alternative,FDR
DOM,Bacteria;Bacteroidetes;Bacteroidia;Flavobacteriales;Flavobacteriaceae;2568,Acetamides,-0.60224190296578,-2.13374445654617,0.06541049664401334,8,-0.8931840994060585,0.04411056546435925,Pearson's product-moment correlation,two.sided,0.20773906847598342
DOM,Bacteria;Bacteroidetes;Bacteroidia;Flavobacteriales;Flavobacteriaceae;Maribacter;2321,Acetamides,0.5951538165459762,2.094729302962147,0.0695049994460159,8,-0.05513167172525473,0.8909276882667062,Pearson's product-moment correlation,two.sided,0.2147268795809069
DOM,Bacteria;Bacteroidetes;Bacteroidia;Flavobacteriales;Flavobacteriaceae;Polaribacter 4;7037,Acetamides,0.903653456488982,5.968083522543456,3.351240612823257e-4,8,0.6357407387448969,0.9772561855085564,Pearson's product-moment correlation,two.sided,0.01601438288159068
DOM,Bacteria;Bacteroidetes;Bacteroidia;Flavobacteriales;Flavobacteriaceae;Winogradskyella;1626,Acetamides,0.7459806547229229,3.1682500384083134,0.013229477452744559,8,0.21940778725277704,0.9359850402801104,Pearson's product-moment correlation,two.sided,0.09434135560563743
DOM,Bacteria;Bacteroidetes;Bacteroidia;Flavobacteriales;Flavobacteriaceae;Winogradskyella;7920,Acetamides,-0.6449725717303377,-2.387129368508857,0.04405275630770142,8,-0.9064834657546629,-0.02583946240841315,Pearson's product-moment correlation,two.sided,0.16809604380570278
DOM,Bacteria;Proteobacteria;Alphaproteobacteria;Caulobacterales;Hyphomonadaceae;Hyphomonas;9037,Acetamides,0.6604395092805765,2.487756868410575,0.03765363990155729,8,0.05274699722389752,0.911172762512483,Pearson's product-moment correlation,two.sided,0.15674003212609974
DOM,Bacteria;Proteobacteria;Alphaproteobacteria;Caulobacterales;Hyphomonadaceae;Litorimonas;uncultured marine bacterium;4616,Acetamides,0.5895189981625398,2.0642552920130446,0.07287666440874961,8,-0.06378151071349741,0.8891234287598263,Pearson's product-moment correlation,two.sided,0.2185257607160086
DOM,Bacteria;Proteobacteria;Alphaproteobacteria;Rhodobacterales;Rhodobacteraceae;1503,Acetamides,0.47268234632837186,1.517133088081745,0.16770807527430756,8,-0.22344378100837597,0.8494893665574739,Pearson's product-moment correlation,two.sided,0.3425024072503464
DOM,Bacteria;Proteobacteria;Alphaproteobacteria;Rhodobacterales;Rhodobacteraceae;3349,Acetamides,0.5997925636511063,2.120174742932891,0.06680702170842777,8,-0.047936860832176104,0.8924060333287595,Pearson's product-moment correlation,two.sided,0.21058735103743534
DOM,Bacteria;Proteobacteria;Alphaproteobacteria;Rhodobacterales;Rhodobacteraceae;6355,Acetamides,-0.35550104876283767,-1.0757834117659766,0.3133944387039142,8,-0.8049525564339264,0.3531780977069043,Pearson's product-moment correlation,two.sided,0.4574717477724922
DOM,Bacteria;Proteobacteria;Alphaproteobacteria;Rhodobacterales;Rhodobacteraceae;8714,Acetamides,0.8243398121846636,4.118714884278212,0.0033501317329446933,8,0.40483170068740215,0.9571699809528404,Pearson's product-moment correlation,two.sided,0.035544080581242476
DOM,Bacteria;Proteobacteria;Alphaproteobacteria;Rhodobacterales;Rhodobacteraceae;Jannaschia;uncultured Thalassobacter sp.;6889,Acetamides,-0.7977638621958552,-3.7421711680992527,0.005687641817109138,8,-0.9501409238329788,-0.3378244603290122,Pearson's product-moment correlation,two.sided,0.048512239028283825
DOM,Bacteria;Proteobacteria;Alphaproteobacteria;Rhodobacterales;Rhodobacteraceae;Pseudophaeobacter;2713,Acetamides,0.47955532494237424,1.5457199842144063,0.16075532682411753,8,-0.21498311624528926,0.8519448482744127,Pearson's product-moment correlation,two.sided,0.33220221932774885
DOM,Bacteria;Proteobacteria;Alphaproteobacteria;Rhodobacterales;Rhodobacteraceae;Sulfitobacter;4056,Acetamides,-0.33726061629364085,-1.0132840483286965,0.34058653124447363,8,-0.7975323865584106,0.3711864393106025,Pearson's product-moment correlation,two.sided,0.4857545609552329
DOM,Bacteria;Proteobacteria;Gammaproteobacteria;Alteromonadales;Alteromonadaceae;3399,Acetamides,-0.14289385844069696,-0.4083554007503898,0.6937243414867178,8,-0.7087537722810665,0.5348530249624266,Pearson's product-moment correlation,two.sided,0.782428912645033
DOM,Bacteria;Proteobacteria;Gammaproteobacteria;Alteromonadales;Alteromonadaceae;376,Acetamides,-0.3510805876098206,-1.0605125197945386,0.3198765291332528,8,-0.8031671365982351,0.3575910643251521,Pearson's product-moment correlation,two.sided,0.4638209672432166
DOM,Bacteria;Proteobacteria;Gammaproteobacteria;Alteromonadales;Alteromonadaceae;4531,Acetamides,-0.6234192102876057,-2.255177619170379,0.05412819140779218,8,-0.8998394945778171,0.010217787674783823,Pearson's product-moment correlation,two.sided,0.18912259648505703
DOM,Bacteria;Proteobacteria;Gammaproteobacteria;Alteromonadales;Alteromonadaceae;493,Acetamides,-0.08939277023884862,-0.2538572658189971,0.806008463857391,8,-0.6807061774473198,0.5724535269017772,Pearson's product-moment correlation,two.sided,0.8685893634442858
DOM,Bacteria;Proteobacteria;Gammaproteobacteria;Alteromonadales;Alteromonadaceae;Alteromonas;2666,Acetamides,-0.0899860099683228,-0.2555556531881338,0.8047418179232905,8,-0.6810269841336922,0.5720513216669902,Pearson's product-moment correlation,two.sided,0.8685893634442858
DOM,Bacteria;Proteobacteria;Gammaproteobacteria;Alteromonadales;Alteromonadaceae;Alteromonas;3023,Acetamides,-0.0890736990701299,-0.2529439090018394,0.806689891566647,8,-0.6805335392471871,0.5726697194327739,Pearson's product-moment correlation,two.sided,0.8685893634442858
DOM,Bacteria;Proteobacteria;Gammaproteobacteria;Alteromonadales;Alteromonadaceae;Alteromonas;592,Acetamides,-0.01975965501483174,-0.05589965812711565,0.9567926273475854,8,-0.6414060948680993,0.617549703812324,Pearson's product-moment correlation,two.sided,0.9715251744999526
DOM,Bacteria;Proteobacteria;Gammaproteobacteria;Betaproteobacteriales;Burkholderiaceae;Limnobacter;45,Acetamides,0.5547299468947317,1.885764169141475,0.09605000072771927,8,-0.11509635120729464,0.8777739047889409,Pearson's product-moment correlation,two.sided,0.2553944568020382
DOM,Bacteria;Proteobacteria;Gammaproteobacteria;Betaproteobacteriales;Methylophilaceae;OM43 clade;3485,Acetamides,0.22354633513960737,0.6487009971479925,0.534705551200465,8,-0.47259851424350097,0.7479045785006143,Pearson's product-moment correlation,two.sided,0.6398814711752471
DOM,Bacteria;Proteobacteria;Gammaproteobacteria;Cellvibrionales;Cellvibrionaceae;Umboniibacter;uncultured bacterium;7259,Acetamides,-0.6112366705832153,-2.184399556852327,0.060446466265201004,8,-0.896026543295486,0.029894578948032144,Pearson's product-moment correlation,two.sided,0.2007191818729957
DOM,Bacteria;Proteobacteria;Gammaproteobacteria;Oceanospirillales;Marinomonadaceae;Marinomonas;3263,Acetamides,-0.6255577065855807,-2.2678729880455104,0.053066306149006585,8,-0.9005044818837475,0.006712384453547538,Pearson's product-moment correlation,two.sided,0.18796059699993417
DOM,Bacteria;Proteobacteria;Gammaproteobacteria;Oceanospirillales;Marinomonadaceae;Marinomonas;6323,Acetamides,0.22496100126652807,0.6530242673154364,0.5320547615273783,8,-0.47144081932563875,0.7485602128498516,Pearson's product-moment correlation,two.sided,0.6375862844749575
DOM,Bacteria;Proteobacteria;Gammaproteobacteria;Oceanospirillales;Nitrincolaceae;Neptuniibacter;5936,Acetamides,0.478726883210764,1.5422549099754734,0.1615840302301147,8,-0.21600848725390276,0.8516497397245034,Pearson's product-moment correlation,two.sided,0.3323359487002359
DOM,Bacteria;Proteobacteria;Gammaproteobacteria;Oceanospirillales;Oleiphilaceae;Oleiphilus;2747,Acetamides,0.7391619051251657,3.104052463238111,0.014576080297317792,8,0.20489101986185762,0.9340740762327389,Pearson's product-moment correlation,two.sided,0.09907179577083186
DOM,Bacteria;Proteobacteria;Gammaproteobacteria;Oceanospirillales;Pseudohongiellaceae;Pseudohongiella;4940,Acetamides,0.5887510013450282,2.0601379714321624,0.07334427830928104,8,-0.06495288706725477,0.8888767941956985,Pearson's product-moment correlation,two.sided,0.2185257607160086
DOM,Bacteria;Bacteroidetes;Bacteroidia;Flavobacteriales;Flavobacteriaceae;2568,Alpha.amino.acid.amides,-0.6651588987417908,-2.5195511354664233,0.03583382054234891,8,-0.9125907787261517,-0.061136772703578306,Pearson's product-moment correlation,two.sided,0.15357351661006677
DOM,Bacteria;Bacteroidetes;Bacteroidia;Flavobacteriales;Flavobacteriaceae;Maribacter;2321,Alpha.amino.acid.amides,0.4325060269286264,1.3567764646683182,0.21189421263951844,8,-0.2708876247082416,0.8348015358664271,Pearson's product-moment correlation,two.sided,0.3806978742319534
DOM,Bacteria;Bacteroidetes;Bacteroidia;Flavobacteriales;Flavobacteriaceae;Polaribacter 4;7037,Alpha.amino.acid.amides,0.8317103666574338,4.237015223339033,0.00284901969203999,8,0.42424931291452866,0.9590920683361744,Pearson's product-moment correlation,two.sided,0.03442565461214988
DOM,Bacteria;Bacteroidetes;Bacteroidia;Flavobacteriales;Flavobacteriaceae;Winogradskyella;1626,Alpha.amino.acid.amides,0.6022147588034642,2.13359355834742,0.06542586754301087,8,-0.04415307354785504,0.8931754862272072,Pearson's product-moment correlation,two.sided,0.20773906847598342
DOM,Bacteria;Bacteroidetes;Bacteroidia;Flavobacteriales;Flavobacteriaceae;Winogradskyella;7920,Alpha.amino.acid.amides,-0.7120113346761007,-2.8680775195089496,0.020890527020216338,8,-0.9263527244541937,-0.14932969539347857,Pearson's product-moment correlation,two.sided,0.11663590099721007
DOM,Bacteria;Proteobacteria;Alphaproteobacteria;Caulobacterales;Hyphomonadaceae;Hyphomonas;9037,Alpha.amino.acid.amides,0.802348005722892,3.802225284017951,0.005220091254038403,8,0.34905925014443445,0.9513645349906469,Pearson's product-moment correlation,two.sided,0.046545996374824976
DOM,Bacteria;Proteobacteria;Alphaproteobacteria;Caulobacterales;Hyphomonadaceae;Litorimonas;uncultured marine bacterium;4616,Alpha.amino.acid.amides,0.4291045053652102,1.3436859184892702,0.21591346581524565,8,-0.2747534374779162,0.8335311306163418,Pearson's product-moment correlation,two.sided,0.38282491781468825
DOM,Bacteria;Proteobacteria;Alphaproteobacteria;Rhodobacterales;Rhodobacteraceae;1503,Alpha.amino.acid.amides,0.5587975710260604,1.9058367432746202,0.09312675799053856,8,-0.10927554179330722,0.8791199078216724,Pearson's product-moment correlation,two.sided,0.2536362051802108
DOM,Bacteria;Proteobacteria;Alphaproteobacteria;Rhodobacterales;Rhodobacteraceae;3349,Alpha.amino.acid.amides,0.4681922354882976,1.4986506353860132,0.17234571724897266,8,-0.22891505006401341,0.847876338521493,Pearson's product-moment correlation,two.sided,0.3486994744339679
DOM,Bacteria;Proteobacteria;Alphaproteobacteria;Rhodobacterales;Rhodobacteraceae;6355,Alpha.amino.acid.amides,-0.3663996899172779,-1.1137905351584951,0.29771086244355466,8,-0.8093200073387347,0.3421615221936355,Pearson's product-moment correlation,two.sided,0.44733756532969354
DOM,Bacteria;Proteobacteria;Alphaproteobacteria;Rhodobacterales;Rhodobacteraceae;8714,Alpha.amino.acid.amides,0.8720785078357504,5.040420740843108,0.0010011006232189484,8,0.5376876697749177,0.9694149770888019,Pearson's product-moment correlation,two.sided,0.02160009524444861
DOM,Bacteria;Proteobacteria;Alphaproteobacteria;Rhodobacterales;Rhodobacteraceae;Jannaschia;uncultured Thalassobacter sp.;6889,Alpha.amino.acid.amides,-0.8752898547102508,-5.1193142962766265,9.079568188520786e-4,8,-0.9702216531994163,-0.5472634693232753,Pearson's product-moment correlation,two.sided,0.02160009524444861
DOM,Bacteria;Proteobacteria;Alphaproteobacteria;Rhodobacterales;Rhodobacteraceae;Pseudophaeobacter;2713,Alpha.amino.acid.amides,0.5801567838995257,2.014636547981083,0.07871044263112655,8,-0.07793935907130078,0.8861049302058309,Pearson's product-moment correlation,two.sided,0.22524752759881758
DOM,Bacteria;Proteobacteria;Alphaproteobacteria;Rhodobacterales;Rhodobacteraceae;Sulfitobacter;4056,Alpha.amino.acid.amides,-0.3573678193805611,-1.0822570573140338,0.3106779140379557,8,-0.8057041067144454,0.35130497287468215,Pearson's product-moment correlation,two.sided,0.45747150687881405
DOM,Bacteria;Proteobacteria;Gammaproteobacteria;Alteromonadales;Alteromonadaceae;3399,Alpha.amino.acid.amides,-0.04480428157646462,-0.126853033167375,0.902187143511708,8,-0.655926913864169,0.6017987334295904,Pearson's product-moment correlation,two.sided,0.9400033710840551
DOM,Bacteria;Proteobacteria;Gammaproteobacteria;Alteromonadales;Alteromonadaceae;376,Alpha.amino.acid.amides,-0.364365460557099,-1.1066571471421236,0.30060585083541574,8,-0.8085085241871892,0.3442326571071324,Pearson's product-moment correlation,two.sided,0.45013268541619916
DOM,Bacteria;Proteobacteria;Gammaproteobacteria;Alteromonadales;Alteromonadaceae;4531,Alpha.amino.acid.amides,-0.6883930353026505,-2.6843621544911977,0.02773786774462466,8,-0.9194861309221546,-0.10372376274433902,Pearson's product-moment correlation,two.sided,0.1348153348481757
DOM,Bacteria;Proteobacteria;Gammaproteobacteria;Alteromonadales;Alteromonadaceae;493,Alpha.amino.acid.amides,-0.26375688325143154,-0.7734039840285228,0.4615225151155429,8,-0.7661499812333861,0.4387282606475407,Pearson's product-moment correlation,two.sided,0.5727882855214298
DOM,Bacteria;Proteobacteria;Gammaproteobacteria;Alteromonadales;Alteromonadaceae;Alteromonas;2666,Alpha.amino.acid.amides,0.07105833191662024,0.2014926542708466,0.8453423856055954,8,-0.5847288510784956,0.6706783522852682,Pearson's product-moment correlation,two.sided,0.8947054446190608
DOM,Bacteria;Proteobacteria;Gammaproteobacteria;Alteromonadales;Alteromonadaceae;Alteromonas;3023,Alpha.amino.acid.amides,0.076365713030549065,0.21662743323892783,0.833920787923641,8,-0.5812060563896396,0.67360388480985,Pearson's product-moment correlation,two.sided,0.8863963296289652
DOM,Bacteria;Proteobacteria;Gammaproteobacteria;Alteromonadales;Alteromonadaceae;Alteromonas;592,Alpha.amino.acid.amides,-0.21121529338073478,-0.611195911654869,0.5580328670787822,8,-0.7421460384142274,0.482588916249104,Pearson's product-moment correlation,two.sided,0.6605286998075381
DOM,Bacteria;Proteobacteria;Gammaproteobacteria;Betaproteobacteriales;Burkholderiaceae;Limnobacter;45,Alpha.amino.acid.amides,0.7158242494660851,2.8994891742272935,0.019907290873919382,8,0.15692377106846253,0.9274480627532454,Pearson's product-moment correlation,two.sided,0.11623720174704606
DOM,Bacteria;Proteobacteria;Gammaproteobacteria;Betaproteobacteriales;Methylophilaceae;OM43 clade;3485,Alpha.amino.acid.amides,0.43831596754253355,1.3793011414152403,0.2051295597678785,8,-0.26423176246974817,0.8369615779668731,Pearson's product-moment correlation,two.sided,0.378098976690793
DOM,Bacteria;Proteobacteria;Gammaproteobacteria;Cellvibrionales;Cellvibrionaceae;Umboniibacter;uncultured bacterium;7259,Alpha.amino.acid.amides,-0.6750298544890394,-2.587825367803293,0.03222186122406416,8,-0.915537545818787,-0.07896497559271895,Pearson's product-moment correlation,two.sided,0.14832285325362865
DOM,Bacteria;Proteobacteria;Gammaproteobacteria;Oceanospirillales;Marinomonadaceae;Marinomonas;3263,Alpha.amino.acid.amides,-0.6907379342116737,-2.701822575886773,0.02699773389368691,8,-0.920174231632391,-0.10814433899580493,Pearson's product-moment correlation,two.sided,0.13195521622195286
DOM,Bacteria;Proteobacteria;Gammaproteobacteria;Oceanospirillales;Marinomonadaceae;Marinomonas;6323,Alpha.amino.acid.amides,0.0946324891133253,0.26886770308877606,0.7948353158580296,8,-0.5688900460638401,0.6835318407361662,Pearson's product-moment correlation,two.sided,0.8654652375425353
DOM,Bacteria;Proteobacteria;Gammaproteobacteria;Oceanospirillales;Nitrincolaceae;Neptuniibacter;5936,Alpha.amino.acid.amides,0.5888982298704016,2.060926617899199,0.07325448391433304,8,-0.06472846831777042,0.8889240886582408,Pearson's product-moment correlation,two.sided,0.2185257607160086
DOM,Bacteria;Proteobacteria;Gammaproteobacteria;Oceanospirillales;Oleiphilaceae;Oleiphilus;2747,Alpha.amino.acid.amides,0.8293472222027036,4.198330599336903,0.0030033571032188526,8,0.41798256656182314,0.9584770858086659,Pearson's product-moment correlation,two.sided,0.03512717519016363
DOM,Bacteria;Proteobacteria;Gammaproteobacteria;Oceanospirillales;Pseudohongiellaceae;Pseudohongiella;4940,Alpha.amino.acid.amides,0.7276459242413013,3.000342163845068,0.017062780947402458,8,0.18089641304807086,0.9308211557401807,Pearson's product-moment correlation,two.sided,0.1089553420852162
DOM,Bacteria;Bacteroidetes;Bacteroidia;Flavobacteriales;Flavobacteriaceae;2568,Aminoglycosides,-0.5722225127918872,-1.9735310596048807,0.08388419096746368,8,-0.883526338937116,0.08973356600041191,Pearson's product-moment correlation,two.sided,0.23617879010256765
DOM,Bacteria;Bacteroidetes;Bacteroidia;Flavobacteriales;Flavobacteriaceae;Maribacter;2321,Aminoglycosides,0.37308638106379605,1.1373695775806665,0.288300041129046,8,-0.3353046596807199,0.8119755634728859,Pearson's product-moment correlation,two.sided,0.4413663254611139
DOM,Bacteria;Bacteroidetes;Bacteroidia;Flavobacteriales;Flavobacteriaceae;Polaribacter 4;7037,Aminoglycosides,0.8102100572812528,3.909682940250077,0.0044830501745330795,8,0.36863575035463125,0.9534522036693477,Pearson's product-moment correlation,two.sided,0.042859930240041526
DOM,Bacteria;Bacteroidetes;Bacteroidia;Flavobacteriales;Flavobacteriaceae;Winogradskyella;1626,Aminoglycosides,0.5585662207765901,1.9046897757349097,0.09329147776743386,8,-0.10960783968275005,0.8790434893351445,Pearson's product-moment correlation,two.sided,0.2536362051802108
DOM,Bacteria;Bacteroidetes;Bacteroidia;Flavobacteriales;Flavobacteriaceae;Winogradskyella;7920,Aminoglycosides,-0.6115553346996293,-2.1862184779991636,0.06027530326715396,8,-0.8961268182585226,0.029386136373247655,Pearson's product-moment correlation,two.sided,0.2007191818729957
DOM,Bacteria;Proteobacteria;Alphaproteobacteria;Caulobacterales;Hyphomonadaceae;Hyphomonas;9037,Aminoglycosides,0.8395508376523491,4.370864753904263,0.002377726041953578,8,0.4453245681930621,0.9611238898092567,Pearson's product-moment correlation,two.sided,0.030044563986674072
DOM,Bacteria;Proteobacteria;Alphaproteobacteria;Caulobacterales;Hyphomonadaceae;Litorimonas;uncultured marine bacterium;4616,Aminoglycosides,0.3625021251033527,1.1001390628462628,0.30327069514079374,8,-0.3461237652564891,0.8077637279302184,Pearson's product-moment correlation,two.sided,0.4533427917053102
DOM,Bacteria;Proteobacteria;Alphaproteobacteria;Rhodobacterales;Rhodobacteraceae;1503,Aminoglycosides,0.6134830741237097,2.197258298124461,0.059246665344775865,8,-0.02630325519069883,0.8967328067055461,Pearson's product-moment correlation,two.sided,0.19901389517357143
DOM,Bacteria;Proteobacteria;Alphaproteobacteria;Rhodobacterales;Rhodobacteraceae;3349,Aminoglycosides,0.41582148558615906,1.29322734733222,0.23202378727178213,8,-0.2896346952148739,0.8285288672200843,Pearson's product-moment correlation,two.sided,0.40131350880010036
DOM,Bacteria;Proteobacteria;Alphaproteobacteria;Rhodobacterales;Rhodobacteraceae;6355,Aminoglycosides,-0.4606538236693913,-1.467953239985781,0.18030170379947033,8,-0.8451523398998896,0.2380027329066193,Pearson's product-moment correlation,two.sided,0.3589530487540943
DOM,Bacteria;Proteobacteria;Alphaproteobacteria;Rhodobacterales;Rhodobacteraceae;8714,Aminoglycosides,0.8950428228071851,5.676403024523733,4.6692917992513077e-4,8,0.6081153907462477,0.9751376262637331,Pearson's product-moment correlation,two.sided,0.018014695615331748
DOM,Bacteria;Proteobacteria;Alphaproteobacteria;Rhodobacterales;Rhodobacteraceae;Jannaschia;uncultured Thalassobacter sp.;6889,Aminoglycosides,-0.8708788602244589,-5.0116557614563195,0.0010376171494318092,8,-0.969113090389784,-0.5341324794915158,Pearson's product-moment correlation,two.sided,0.02160009524444861
DOM,Bacteria;Proteobacteria;Alphaproteobacteria;Rhodobacterales;Rhodobacteraceae;Pseudophaeobacter;2713,Aminoglycosides,0.6253932385572356,2.266893643606234,0.05314747915170553,8,-0.0069825316347354015,0.9004533844746113,Pearson's product-moment correlation,two.sided,0.18796059699993417
DOM,Bacteria;Proteobacteria;Alphaproteobacteria;Rhodobacterales;Rhodobacteraceae;Sulfitobacter;4056,Aminoglycosides,-0.4509890478511475,-1.42918489489265,0.19081379439208476,8,-0.8416305195646909,0.2494775386918736,Pearson's product-moment correlation,two.sided,0.36909904488442635
DOM,Bacteria;Proteobacteria;Gammaproteobacteria;Alteromonadales;Alteromonadaceae;3399,Aminoglycosides,-0.14912453379463855,-0.42655746150316626,0.680948099073957,8,-0.71190786252280025,0.5302923635119814,Pearson's product-moment correlation,two.sided,0.771386518482217
DOM,Bacteria;Proteobacteria;Gammaproteobacteria;Alteromonadales;Alteromonadaceae;376,Aminoglycosides,-0.458532735926496,-1.4593892636651478,0.18257871165331815,8,-0.8443822694918661,0.24053787654918657,Pearson's product-moment correlation,two.sided,0.36183024860680363
DOM,Bacteria;Proteobacteria;Gammaproteobacteria;Alteromonadales;Alteromonadaceae;4531,Aminoglycosides,-0.5917680012488166,-2.0763619640314355,0.07151846756942917,8,-0.8898446742626811,0.060340864662343986,Pearson's product-moment correlation,two.sided,0.21604537078265063
DOM,Bacteria;Proteobacteria;Gammaproteobacteria;Alteromonadales;Alteromonadaceae;493,Aminoglycosides,-0.20729379934908024,-0.5993336916064218,0.5655328710137882,8,-0.7402981422187879,0.4857286526199634,Pearson's product-moment correlation,two.sided,0.6684967361168421
DOM,Bacteria;Proteobacteria;Gammaproteobacteria;Alteromonadales;Alteromonadaceae;Alteromonas;2666,Aminoglycosides,0.06389214546722752,0.18108426694074525,0.8608050814505402,8,-0.589446512481134,0.666698386379779,Pearson's product-moment correlation,two.sided,0.9077580858932969
DOM,Bacteria;Proteobacteria;Gammaproteobacteria;Alteromonadales;Alteromonadaceae;Alteromonas;3023,Aminoglycosides,0.0483097243339255,0.13680026218507366,0.8945687661659969,8,-0.5995532304350191,0.6579239052640065,Pearson's product-moment correlation,two.sided,0.9359565110918916
DOM,Bacteria;Proteobacteria;Gammaproteobacteria;Alteromonadales;Alteromonadaceae;Alteromonas;592,Aminoglycosides,-0.17039866101414494,-0.489113377286539,0.637888654445937,8,-0.7225088126778436,0.5144182794878408,Pearson's product-moment correlation,two.sided,0.7327066531652419
DOM,Bacteria;Proteobacteria;Gammaproteobacteria;Betaproteobacteriales;Burkholderiaceae;Limnobacter;45,Aminoglycosides,0.7367137370355432,3.0815239081422336,0.015082033611829294,8,0.1997357165680741,0.9333852390270441,Pearson's product-moment correlation,two.sided,0.09989101791847475
DOM,Bacteria;Proteobacteria;Gammaproteobacteria;Betaproteobacteriales;Methylophilaceae;OM43 clade;3485,Aminoglycosides,0.44976822874054745,1.4243333612700375,0.1921665968377778,8,-0.2509131351164754,0.8411832799681163,Pearson's product-moment correlation,two.sided,0.36909904488442635
DOM,Bacteria;Proteobacteria;Gammaproteobacteria;Cellvibrionales;Cellvibrionaceae;Umboniibacter;uncultured bacterium;7259,Aminoglycosides,-0.580533736865667,-2.016610633822162,0.07846991355516762,8,-0.8862269682192366,0.07737440117330087,Pearson's product-moment correlation,two.sided,0.22524752759881758
DOM,Bacteria;Proteobacteria;Gammaproteobacteria;Oceanospirillales;Marinomonadaceae;Marinomonas;3263,Aminoglycosides,-0.5937369117342626,-2.087022082548315,0.07034304219626014,8,-0.8904748747085,0.05731594421229802,Pearson's product-moment correlation,two.sided,0.21548748841812088
DOM,Bacteria;Proteobacteria;Gammaproteobacteria;Oceanospirillales;Marinomonadaceae;Marinomonas;6323,Aminoglycosides,0.018012975245193984,0.050956655335185945,0.9606093992708279,8,-0.618629476060874,0.640376482285085,Pearson's product-moment correlation,two.sided,0.9740444957641261
DOM,Bacteria;Proteobacteria;Gammaproteobacteria;Oceanospirillales;Nitrincolaceae;Neptuniibacter;5936,Aminoglycosides,0.648290318072996,2.4082718729981463,0.042622980294580184,8,0.03153667955820444,0.9074948107587366,Pearson's product-moment correlation,two.sided,0.16554461096555698
DOM,Bacteria;Proteobacteria;Gammaproteobacteria;Oceanospirillales;Oleiphilaceae;Oleiphilus;2747,Aminoglycosides,0.8842772199088853,5.356136083200586,6.808195568633736e-4,8,0.574526959136165,0.9724681012426771,Pearson's product-moment correlation,two.sided,0.021154036231111967
DOM,Bacteria;Proteobacteria;Gammaproteobacteria;Oceanospirillales;Pseudohongiellaceae;Pseudohongiella;4940,Aminoglycosides,0.7722836937034804,3.438414047156883,0.00884445278023797,8,0.27767869197444767,0.9432530706568182,Pearson's product-moment correlation,two.sided,0.06995158108006395
DOM,Bacteria;Bacteroidetes;Bacteroidia;Flavobacteriales;Flavobacteriaceae;2568,Azo.compounds,-0.48129526916700716,-1.55301504829638,0.15902317099051305,8,-0.8525638841780343,0.21282457230742013,Pearson's product-moment correlation,two.sided,0.33155230345462594
DOM,Bacteria;Bacteroidetes;Bacteroidia;Flavobacteriales;Flavobacteriaceae;Maribacter;2321,Azo.compounds,0.5247001344967218,1.7433320081142833,0.11943789079995254,8,-0.15669158063147853,0.8676764880191562,Pearson's product-moment correlation,two.sided,0.28453290001009657
DOM,Bacteria;Bacteroidetes;Bacteroidia;Flavobacteriales;Flavobacteriaceae;Polaribacter 4;7037,Azo.compounds,0.5216993705118232,1.7296188092242537,0.12195244257224667,8,-0.16071930824823422,0.8666516963301729,Pearson's product-moment correlation,two.sided,0.28453290001009657
DOM,Bacteria;Bacteroidetes;Bacteroidia;Flavobacteriales;Flavobacteriaceae;Winogradskyella;1626,Azo.compounds,0.5439481377538807,1.833491990093414,0.10407864240485509,8,-0.130305832277628,0.8741812873048127,Pearson's product-moment correlation,two.sided,0.26789473045036666
DOM,Bacteria;Bacteroidetes;Bacteroidia;Flavobacteriales;Flavobacteriaceae;Winogradskyella;7920,Azo.compounds,-0.5925120300861335,-2.0803835411312392,0.07107279592294335,8,-0.8900829535912462,0.05919918783556234,Pearson's product-moment correlation,two.sided,0.21604537078265063
DOM,Bacteria;Proteobacteria;Alphaproteobacteria;Caulobacterales;Hyphomonadaceae;Hyphomonas;9037,Azo.compounds,0.19336710909507743,0.5574457422165435,0.5924737557783368,8,-0.49673635440693475,0.7336698286623934,Pearson's product-moment correlation,two.sided,0.6918821040632928
DOM,Bacteria;Proteobacteria;Alphaproteobacteria;Caulobacterales;Hyphomonadaceae;Litorimonas;uncultured marine bacterium;4616,Azo.compounds,0.518287325826159,1.7141331834321563,0.12485132390178164,8,-0.1652716219135938,0.865482900754161,Pearson's product-moment correlation,two.sided,0.2873562216787037
DOM,Bacteria;Proteobacteria;Alphaproteobacteria;Rhodobacterales;Rhodobacteraceae;1503,Azo.compounds,-0.019661023847074487,-0.05562052440822553,0.9570081316625969,8,-0.6413480144999238,0.6176107402393731,Pearson's product-moment correlation,two.sided,0.9715251744999526
DOM,Bacteria;Proteobacteria;Alphaproteobacteria;Rhodobacterales;Rhodobacteraceae;3349,Azo.compounds,0.5419268960775324,1.823838633728794,0.10562938055191648,8,-0.13312223049943422,0.8735037393656216,Pearson's product-moment correlation,two.sided,0.269403597090211
DOM,Bacteria;Proteobacteria;Alphaproteobacteria;Rhodobacterales;Rhodobacteraceae;6355,Azo.compounds,0.12751593147299772,0.36363807064985265,0.7255504899115306,8,-0.5459426784793385,0.7008711227710078,Pearson's product-moment correlation,two.sided,0.8071981153747206
DOM,Bacteria;Proteobacteria;Alphaproteobacteria;Rhodobacterales;Rhodobacteraceae;8714,Azo.compounds,0.2853092396754502,0.8419725471557372,0.4242565600351277,8,-0.4197136692016058,0.7756069100292481,Pearson's product-moment correlation,two.sided,0.5525497114229957
DOM,Bacteria;Proteobacteria;Alphaproteobacteria;Rhodobacterales;Rhodobacteraceae;Jannaschia;uncultured Thalassobacter sp.;6889,Azo.compounds,-0.42254166512368546,-1.3186262229139227,0.22379069263207274,8,-0.8310678851228943,0.2821483175590697,Pearson's product-moment correlation,two.sided,0.39095964375482584
DOM,Bacteria;Proteobacteria;Alphaproteobacteria;Rhodobacterales;Rhodobacteraceae;Pseudophaeobacter;2713,Azo.compounds,-0.003169517360520249,-0.00896479390440645,0.9930667504244598,8,-0.6315355182125377,0.6277094472128735,Pearson's product-moment correlation,two.sided,0.9930667504244598
DOM,Bacteria;Proteobacteria;Alphaproteobacteria;Rhodobacterales;Rhodobacteraceae;Sulfitobacter;4056,Azo.compounds,0.13336375363692032,0.3806095839926376,0.7134003866696876,8,-0.541753198091395,0.7038852808426138,Pearson's product-moment correlation,two.sided,0.7986116831258255
DOM,Bacteria;Proteobacteria;Gammaproteobacteria;Alteromonadales;Alteromonadaceae;3399,Azo.compounds,0.22940483974865744,0.666633250459909,0.5237626983929449,8,-0.46778851605624466,0.7506130947423764,Pearson's product-moment correlation,two.sided,0.6293833530412459
DOM,Bacteria;Proteobacteria;Gammaproteobacteria;Alteromonadales;Alteromonadaceae;376,Azo.compounds,0.12912921779875325,0.3683162082073695,0.7221929090973213,8,-0.5447902466432956,0.7017047134394829,Pearson's product-moment correlation,two.sided,0.8055228601470122
DOM,Bacteria;Proteobacteria;Gammaproteobacteria;Alteromonadales;Alteromonadaceae;4531,Azo.compounds,-0.5332441883387289,-1.7828737623693829,0.11245626453306552,8,-0.8705784913939899,0.14509796539821665,Pearson's product-moment correlation,two.sided,0.2787377496973419
DOM,Bacteria;Proteobacteria;Gammaproteobacteria;Alteromonadales;Alteromonadaceae;493,Azo.compounds,-0.07612641985106412,-0.2159446647017675,0.8344351654783018,8,-0.6734723833691529,0.5813654205091667,Pearson's product-moment correlation,two.sided,0.8863963296289652
DOM,Bacteria;Proteobacteria;Gammaproteobacteria;Alteromonadales;Alteromonadaceae;Alteromonas;2666,Azo.compounds,-0.04349135171792295,-0.12312862276041839,0.9050424160236885,8,-0.6551767513053469,0.6026371416366607,Pearson's product-moment correlation,two.sided,0.9416851307309314
DOM,Bacteria;Proteobacteria;Gammaproteobacteria;Alteromonadales;Alteromonadaceae;Alteromonas;3023,Azo.compounds,-0.03858390472481582,-0.10921308670852246,0.915723247404487,8,-0.6523620851649393,0.6057583505251807,Pearson's product-moment correlation,two.sided,0.9477022187629612
DOM,Bacteria;Proteobacteria;Gammaproteobacteria;Alteromonadales;Alteromonadaceae;Alteromonas;592,Azo.compounds,-0.04306674228349217,-0.1219242636923613,0.9059660395652753,8,-0.6549338858042906,0.6029079830053596,Pearson's product-moment correlation,two.sided,0.9416851307309314
DOM,Bacteria;Proteobacteria;Gammaproteobacteria;Betaproteobacteriales;Burkholderiaceae;Limnobacter;45,Azo.compounds,0.08229318139304129,0.2335524380308445,0.8211978209221885,8,-0.5772423247243825,0.676849247786826,Pearson's product-moment correlation,two.sided,0.8809397092506831
DOM,Bacteria;Proteobacteria;Gammaproteobacteria;Betaproteobacteriales;Methylophilaceae;OM43 clade;3485,Azo.compounds,-0.0296112383958477,-0.08378997252186364,0.9352821821382786,8,-0.6471716609653845,0.6114142786577241,Pearson's product-moment correlation,two.sided,0.9595465783729981
DOM,Bacteria;Proteobacteria;Gammaproteobacteria;Cellvibrionales;Cellvibrionaceae;Umboniibacter;uncultured bacterium;7259,Azo.compounds,-0.5027794317838039,-1.645130417822126,0.13856252786602477,8,-0.8601226072009301,0.18560144841846557,Pearson's product-moment correlation,two.sided,0.3036508797064019
DOM,Bacteria;Proteobacteria;Gammaproteobacteria;Oceanospirillales;Marinomonadaceae;Marinomonas;3263,Azo.compounds,-0.5387820157249208,-1.808907738174566,0.10807103580887083,8,-0.8724469718679818,0.1374827355071098,Pearson's product-moment correlation,two.sided,0.27331918940034194
DOM,Bacteria;Proteobacteria;Gammaproteobacteria;Oceanospirillales;Marinomonadaceae;Marinomonas;6323,Azo.compounds,0.4487828793515771,1.4204248856027706,0.19326255576614637,8,-0.2520695924798392,0.8408219123104911,Pearson's product-moment correlation,two.sided,0.36909904488442635
DOM,Bacteria;Proteobacteria;Gammaproteobacteria;Oceanospirillales;Nitrincolaceae;Neptuniibacter;5936,Azo.compounds,-0.012680176003180442,-0.0358678374084076,0.972266574450334,8,-0.6372190644722592,0.6219113227802241,Pearson's product-moment correlation,two.sided,0.9801528618444851
DOM,Bacteria;Proteobacteria;Gammaproteobacteria;Oceanospirillales;Oleiphilaceae;Oleiphilus;2747,Azo.compounds,0.1974163055554024,0.5695872559820717,0.5845924245071678,8,-0.49355858577007705,0.7356076765548002,Pearson's product-moment correlation,two.sided,0.6871802111962283
DOM,Bacteria;Proteobacteria;Gammaproteobacteria;Oceanospirillales;Pseudohongiellaceae;Pseudohongiella;4940,Azo.compounds,0.08587436948243557,0.24378996256703758,0.8135289819001497,8,-0.5748324072688326,0.6787988563620431,Pearson's product-moment correlation,two.sided,0.8748704749729669
DOM,Bacteria;Bacteroidetes;Bacteroidia;Flavobacteriales;Flavobacteriaceae;2568,Benzoic.acids,0.31612941665095734,0.9424832571817295,0.3735317701648617,8,-0.39140308201452245,0.7887585394688379,Pearson's product-moment correlation,two.sided,0.5094814529374886
DOM,Bacteria;Bacteroidetes;Bacteroidia;Flavobacteriales;Flavobacteriaceae;Maribacter;2321,Benzoic.acids,0.4616520947466011,1.4719948263846274,0.1792358930069128,8,-0.23680628647475832,0.8455142151763861,Pearson's product-moment correlation,two.sided,0.35764960301838106
DOM,Bacteria;Bacteroidetes;Bacteroidia;Flavobacteriales;Flavobacteriaceae;Polaribacter 4;7037,Benzoic.acids,0.06115398008512139,0.17329392270181207,0.8667248374549525,8,-0.5912374169967641,0.6651685288464673,Pearson's product-moment correlation,two.sided,0.9115916124729686
DOM,Bacteria;Bacteroidetes;Bacteroidia;Flavobacteriales;Flavobacteriaceae;Winogradskyella;1626,Benzoic.acids,0.3856122310409854,1.182098481146509,0.27110856111403053,8,-0.32225483780361264,0.8169016667449635,Pearson's product-moment correlation,two.sided,0.4343728327241373
DOM,Bacteria;Bacteroidetes;Bacteroidia;Flavobacteriales;Flavobacteriaceae;Winogradskyella;7920,Benzoic.acids,0.31680878825908143,0.944734380040251,0.37244893615422275,8,-0.3907635687154244,0.7890436484196052,Pearson's product-moment correlation,two.sided,0.5094814529374886
DOM,Bacteria;Proteobacteria;Alphaproteobacteria;Caulobacterales;Hyphomonadaceae;Hyphomonas;9037,Benzoic.acids,-0.7514458994531593,-3.221320102301328,0.012214976631829163,8,-0.937508641176851,-0.2312138147162416,Pearson's product-moment correlation,two.sided,0.09005957347196078
DOM,Bacteria;Proteobacteria;Alphaproteobacteria;Caulobacterales;Hyphomonadaceae;Litorimonas;uncultured marine bacterium;4616,Benzoic.acids,0.45975116561238744,1.464304839968356,0.18126865200264708,8,-0.2390827629928603,0.8448248208176746,Pearson's product-moment correlation,two.sided,0.3600541717860798
DOM,Bacteria;Proteobacteria;Alphaproteobacteria;Rhodobacterales;Rhodobacteraceae;1503,Benzoic.acids,-0.3513945716104267,-1.061594517704815,0.319413820315078,8,-0.8032942229123684,0.35727865335357595,Pearson's product-moment correlation,two.sided,0.4638209672432166
DOM,Bacteria;Proteobacteria;Alphaproteobacteria;Rhodobacterales;Rhodobacteraceae;3349,Benzoic.acids,0.28229633409856736,0.8323068123770784,0.4293795759995963,8,-0.4224095440400431,0.774297984340161,Pearson's product-moment correlation,two.sided,0.555893201070906
DOM,Bacteria;Proteobacteria;Alphaproteobacteria;Rhodobacterales;Rhodobacteraceae;6355,Benzoic.acids,0.3695434774829442,1.1248511372970473,0.29326616879447015,8,-0.33894709949594365,0.8105707922212206,Pearson's product-moment correlation,two.sided,0.44443083592617394
DOM,Bacteria;Proteobacteria;Alphaproteobacteria;Rhodobacterales;Rhodobacteraceae;8714,Benzoic.acids,-0.32704467658279207,-0.9788500994804796,0.3563232277033571,8,-0.7933148185104612,0.38104482277442464,Pearson's product-moment correlation,two.sided,0.4967968078556421
DOM,Bacteria;Proteobacteria;Alphaproteobacteria;Rhodobacterales;Rhodobacteraceae;Jannaschia;uncultured Thalassobacter sp.;6889,Benzoic.acids,0.5648413704175724,1.9360320017391732,0.08888920908443435,8,-0.10054135523012349,0.8811104478011271,Pearson's product-moment correlation,two.sided,0.24662835544302322
DOM,Bacteria;Proteobacteria;Alphaproteobacteria;Rhodobacterales;Rhodobacteraceae;Pseudophaeobacter;2713,Benzoic.acids,-0.3804931689630923,-1.1637285175680145,0.27806517352632654,8,-0.8148960418240756,0.3276207436019563,Pearson's product-moment correlation,two.sided,0.4396220328344835
DOM,Bacteria;Proteobacteria;Alphaproteobacteria;Rhodobacterales;Rhodobacteraceae;Sulfitobacter;4056,Benzoic.acids,0.3769327122769519,1.1510256158888261,0.2829601624937261,8,-0.33132614500625235,0.8134949101973682,Pearson's product-moment correlation,two.sided,0.4411744468988202
DOM,Bacteria;Proteobacteria;Gammaproteobacteria;Alteromonadales;Alteromonadaceae;3399,Benzoic.acids,-0.3942917641737529,-1.2135400921086898,0.25953323768588316,8,-0.8202785993717241,0.3130516262257045,Pearson's product-moment correlation,two.sided,0.4220447042742399
DOM,Bacteria;Proteobacteria;Gammaproteobacteria;Alteromonadales;Alteromonadaceae;376,Benzoic.acids,0.37175125045714474,1.1326453144236766,0.2901661692927709,8,-0.3366797913241111,0.8114467767321498,Pearson's product-moment correlation,two.sided,0.4413663254611139
DOM,Bacteria;Proteobacteria;Gammaproteobacteria;Alteromonadales;Alteromonadaceae;4531,Benzoic.acids,0.31736080648785764,0.9465647027357877,0.3715702313240225,8,-0.39024343356828334,0.789275161828023,Pearson's product-moment correlation,two.sided,0.5094814529374886
DOM,Bacteria;Proteobacteria;Gammaproteobacteria;Alteromonadales;Alteromonadaceae;493,Benzoic.acids,0.5580728849719198,1.9022461164561668,0.09364334984916689,8,-0.11031593974053638,0.8788804780364128,Pearson's product-moment correlation,two.sided,0.2537997332360598
DOM,Bacteria;Proteobacteria;Gammaproteobacteria;Alteromonadales;Alteromonadaceae;Alteromonas;2666,Benzoic.acids,-0.8104612573565427,-3.91321434641112,0.004460806714336938,8,-0.9535186810698848,-0.36926776290891705,Pearson's product-moment correlation,two.sided,0.042859930240041526
DOM,Bacteria;Proteobacteria;Gammaproteobacteria;Alteromonadales;Alteromonadaceae;Alteromonas;3023,Benzoic.acids,-0.813128746487548,-3.9511065111693418,0.004229447607742618,8,-0.9542237454076695,-0.3760043644406395,Pearson's product-moment correlation,two.sided,0.0418138570310918
DOM,Bacteria;Proteobacteria;Gammaproteobacteria;Alteromonadales;Alteromonadaceae;Alteromonas;592,Benzoic.acids,0.6375968918656754,2.340947776483148,0.04734558768945047,8,0.013316451107648987,0.9042243438703581,Pearson's product-moment correlation,two.sided,0.17678395403357042
DOM,Bacteria;Proteobacteria;Gammaproteobacteria;Betaproteobacteriales;Burkholderiaceae;Limnobacter;45,Benzoic.acids,-0.7189841705210132,-2.925923665016534,0.019117074238441705,8,-0.928353071771256,-0.16326778142923803,Pearson's product-moment correlation,two.sided,0.11458404304443845
DOM,Bacteria;Proteobacteria;Gammaproteobacteria;Betaproteobacteriales;Methylophilaceae;OM43 clade;3485,Benzoic.acids,-0.9721228100404778,-11.72666859293221,2.554883157330458e-6,8,-0.9935952211785277,-0.8828915507277494,Pearson's product-moment correlation,two.sided,4.459512316206247e-4
DOM,Bacteria;Proteobacteria;Gammaproteobacteria;Cellvibrionales;Cellvibrionaceae;Umboniibacter;uncultured bacterium;7259,Benzoic.acids,0.31681624499690614,0.9447590971733788,0.37243705965412693,8,-0.3907565456679428,0.7890467766283713,Pearson's product-moment correlation,two.sided,0.5094814529374886
DOM,Bacteria;Proteobacteria;Gammaproteobacteria;Oceanospirillales;Marinomonadaceae;Marinomonas;3263,Benzoic.acids,0.3174027424596264,0.9467037932169088,0.3715035194157226,8,-0.3902039012373217,0.7892927440621264,Pearson's product-moment correlation,two.sided,0.5094814529374886
DOM,Bacteria;Proteobacteria;Gammaproteobacteria;Oceanospirillales;Marinomonadaceae;Marinomonas;6323,Benzoic.acids,0.4514661744786253,1.431083728921872,0.19028660693271882,8,-0.24891563368420788,0.8418051664744759,Pearson's product-moment correlation,two.sided,0.36909904488442635
DOM,Bacteria;Proteobacteria;Gammaproteobacteria;Oceanospirillales;Nitrincolaceae;Neptuniibacter;5936,Benzoic.acids,-0.4459601991706315,-1.4092642746196269,0.19642228279326787,8,-0.8397847829186185,0.25537139292834016,Pearson's product-moment correlation,two.sided,0.3698861169483616
DOM,Bacteria;Proteobacteria;Gammaproteobacteria;Oceanospirillales;Oleiphilaceae;Oleiphilus;2747,Benzoic.acids,-0.5365510537847606,-1.7983805577018055,0.10982448496751261,8,-0.8716954097498584,0.14056024347899812,Pearson's product-moment correlation,two.sided,0.27468977036881065
DOM,Bacteria;Proteobacteria;Gammaproteobacteria;Oceanospirillales;Pseudohongiellaceae;Pseudohongiella;4940,Benzoic.acids,-0.6365523911176836,-2.33449679945604,0.04782478519620414,8,-0.9039032093959278,-0.011558705958800998,Pearson's product-moment correlation,two.sided,0.17712954479313742
DOM,Bacteria;Bacteroidetes;Bacteroidia;Flavobacteriales;Flavobacteriaceae;2568,Benzoic.acids.and.derivatives,0.27063941580165285,0.7951585523647393,0.4494670002552783,8,-0.4327237435734015,0.769193791089149,Pearson's product-moment correlation,two.sided,0.5679505123969228
DOM,Bacteria;Bacteroidetes;Bacteroidia;Flavobacteriales;Flavobacteriaceae;Maribacter;2321,Benzoic.acids.and.derivatives,0.4470335672372712,1.4135020455746232,0.19521722063022118,8,-0.25411775651935403,0.8401795064820308,Pearson's product-moment correlation,two.sided,0.3698861169483616
DOM,Bacteria;Bacteroidetes;Bacteroidia;Flavobacteriales;Flavobacteriaceae;Polaribacter 4;7037,Benzoic.acids.and.derivatives,0.09657254181900364,0.2744311018333151,0.7907067587866983,8,-0.567564284820358,0.6845736093515212,Pearson's product-moment correlation,two.sided,0.8631303389516028
DOM,Bacteria;Bacteroidetes;Bacteroidia;Flavobacteriales;Flavobacteriaceae;Winogradskyella;1626,Benzoic.acids.and.derivatives,0.3949774360166733,1.216040116934763,0.25863063119369034,8,-0.31231887836710553,0.8205441129006911,Pearson's product-moment correlation,two.sided,0.4217774348442916
DOM,Bacteria;Bacteroidetes;Bacteroidia;Flavobacteriales;Flavobacteriaceae;Winogradskyella;7920,Benzoic.acids.and.derivatives,0.26624020910047735,0.7812384944380372,0.4571561912894866,8,-0.43656894607573604,0.7672508409179986,Pearson's product-moment correlation,two.sided,0.5714452391118583
DOM,Bacteria;Proteobacteria;Alphaproteobacteria;Caulobacterales;Hyphomonadaceae;Hyphomonas;9037,Benzoic.acids.and.derivatives,-0.6995308249972497,-2.768773086424872,0.02434274934673341,8,-0.9227419067941898,-0.12492833666161575,Pearson's product-moment correlation,two.sided,0.12457759959798861
DOM,Bacteria;Proteobacteria;Alphaproteobacteria;Caulobacterales;Hyphomonadaceae;Litorimonas;uncultured marine bacterium;4616,Benzoic.acids.and.derivatives,0.4444398452096257,1.4032747347319352,0.19813657934632192,8,-0.25714305831052836,0.8392249700178988,Pearson's product-moment correlation,two.sided,0.3715060862743536
DOM,Bacteria;Proteobacteria;Alphaproteobacteria;Rhodobacterales;Rhodobacteraceae;1503,Benzoic.acids.and.derivatives,-0.2560485099689372,-0.7491895845770158,0.4751929826297645,8,-0.7627139719125031,0.44537960885726446,Pearson's product-moment correlation,two.sided,0.5814597677748173
DOM,Bacteria;Proteobacteria;Alphaproteobacteria;Rhodobacterales;Rhodobacteraceae;3349,Benzoic.acids.and.derivatives,0.25862941944171763,0.7572796823438668,0.4705962492133624,8,-0.44316119950410626,0.7638676069195006,Pearson's product-moment correlation,two.sided,0.5782558353628198
DOM,Bacteria;Proteobacteria;Alphaproteobacteria;Rhodobacterales;Rhodobacteraceae;6355,Benzoic.acids.and.derivatives,0.3911748938920165,1.2022058159066016,0.26365809278314445,8,-0.3163719101221444,0.8190693313614306,Pearson's product-moment correlation,two.sided,0.42636159985378375
DOM,Bacteria;Proteobacteria;Alphaproteobacteria;Rhodobacterales;Rhodobacteraceae;8714,Benzoic.acids.and.derivatives,-0.24826603958548768,-0.7248975750944233,0.4891717180915707,8,-0.7592156726727214,0.4520172612565453,Pearson's product-moment correlation,two.sided,0.5943846295246739
DOM,Bacteria;Proteobacteria;Alphaproteobacteria;Rhodobacterales;Rhodobacteraceae;Jannaschia;uncultured Thalassobacter sp.;6889,Benzoic.acids.and.derivatives,0.5411708704677499,1.8202394324724462,0.1062131423010832,8,-0.1341728824384141,0.873249978675654,Pearson's product-moment correlation,two.sided,0.269403597090211
DOM,Bacteria;Proteobacteria;Alphaproteobacteria;Rhodobacterales;Rhodobacteraceae;Pseudophaeobacter;2713,Benzoic.acids.and.derivatives,-0.28821518213175323,-0.8513208712815982,0.4193425916178848,8,-0.7768653845735478,0.417101664173269,Pearson's product-moment correlation,two.sided,0.5477898719332729
DOM,Bacteria;Proteobacteria;Alphaproteobacteria;Rhodobacterales;Rhodobacteraceae;Sulfitobacter;4056,Benzoic.acids.and.derivatives,0.3990609666661509,1.2309792056448976,0.25329112721246105,8,-0.30793748434593604,0.8221215885773743,Pearson's product-moment correlation,two.sided,0.41637989221038724
DOM,Bacteria;Proteobacteria;Gammaproteobacteria;Alteromonadales;Alteromonadaceae;3399,Benzoic.acids.and.derivatives,-0.43020942873119244,-1.3479304068388456,0.2146031253239741,8,-0.8339442685461793,0.27350018779505,Pearson's product-moment correlation,two.sided,0.3818092413739416
DOM,Bacteria;Proteobacteria;Gammaproteobacteria;Alteromonadales;Alteromonadaceae;376,Benzoic.acids.and.derivatives,0.39352850174613857,1.2107599867687935,0.26054002404235255,8,-0.31386630256005593,0.8199828242554722,Pearson's product-moment correlation,two.sided,0.4228914569344155
DOM,Bacteria;Proteobacteria;Gammaproteobacteria;Alteromonadales;Alteromonadaceae;4531,Benzoic.acids.and.derivatives,0.26942999977193893,0.791326387963519,0.4515750316137196,8,-0.4337834113312801,0.7686605585393301,Pearson's product-moment correlation,two.sided,0.5679505123969228
DOM,Bacteria;Proteobacteria;Gammaproteobacteria;Alteromonadales;Alteromonadaceae;493,Benzoic.acids.and.derivatives,0.497646421146528,1.6227681747071245,0.1432955144259542,8,-0.19220313150423934,0.8583308285974335,Pearson's product-moment correlation,two.sided,0.3085816389819129
DOM,Bacteria;Proteobacteria;Gammaproteobacteria;Alteromonadales;Alteromonadaceae;Alteromonas;2666,Benzoic.acids.and.derivatives,-0.8618370977058876,-4.80621964526895,0.001344807579401816,8,-0.9668282547663074,-0.5077147384275884,Pearson's product-moment correlation,two.sided,0.023603614848761532
DOM,Bacteria;Proteobacteria;Gammaproteobacteria;Alteromonadales;Alteromonadaceae;Alteromonas;3023,Benzoic.acids.and.derivatives,-0.858442010572971,-4.733847429110448,0.0014755962726698032,8,-0.9659659619293913,-0.49796419704292,Pearson's product-moment correlation,two.sided,0.024321493760891606
DOM,Bacteria;Proteobacteria;Gammaproteobacteria;Alteromonadales;Alteromonadaceae;Alteromonas;592,Benzoic.acids.and.derivatives,0.5854188012403534,2.0423720384136437,0.07539574248244656,8,-0.07001449834771695,0.8878046726231714,Pearson's product-moment correlation,two.sided,0.22171363656113308
DOM,Bacteria;Proteobacteria;Gammaproteobacteria;Betaproteobacteriales;Burkholderiaceae;Limnobacter;45,Benzoic.acids.and.derivatives,-0.656213145971105,-2.4597285004245473,0.03933540940224324,8,-0.909897822542014,-0.04530580029188109,Pearson's product-moment correlation,two.sided,0.15798116850394606
DOM,Bacteria;Proteobacteria;Gammaproteobacteria;Betaproteobacteriales;Methylophilaceae;OM43 clade;3485,Benzoic.acids.and.derivatives,-0.9604710796061033,-9.758691510460874,1.0183256086370607e-5,8,-0.9908767201662905,-0.8370262148692641,Pearson's product-moment correlation,two.sided,9.84381421682492e-4
DOM,Bacteria;Proteobacteria;Gammaproteobacteria;Cellvibrionales;Cellvibrionaceae;Umboniibacter;uncultured bacterium;7259,Benzoic.acids.and.derivatives,0.2703034857309105,0.7940937154941587,0.4500520846858568,8,-0.43301827430869483,0.7690457488470803,Pearson's product-moment correlation,two.sided,0.5679505123969228
DOM,Bacteria;Proteobacteria;Gammaproteobacteria;Oceanospirillales;Marinomonadaceae;Marinomonas;3263,Benzoic.acids.and.derivatives,0.2692184488893678,0.7906564818793245,0.45194422569719417,8,-0.43396856858475064,0.7685672142221437,Pearson's product-moment correlation,two.sided,0.5679505123969228
DOM,Bacteria;Proteobacteria;Gammaproteobacteria;Oceanospirillales;Marinomonadaceae;Marinomonas;6323,Benzoic.acids.and.derivatives,0.4128803740133954,1.282192516228232,0.2356800995697171,8,-0.29288420444359287,0.8274122917406463,Pearson's product-moment correlation,two.sided,0.4042121741188198
DOM,Bacteria;Proteobacteria;Gammaproteobacteria;Oceanospirillales;Nitrincolaceae;Neptuniibacter;5936,Benzoic.acids.and.derivatives,-0.3592347958248511,-1.0887462892865694,0.3079735288969458,8,-0.806454298812457,0.34942595030713,Pearson's product-moment correlation,two.sided,0.45614014103655925
DOM,Bacteria;Proteobacteria;Gammaproteobacteria;Oceanospirillales;Oleiphilaceae;Oleiphilus;2747,Benzoic.acids.and.derivatives,-0.46444246761626284,-1.4833297055778445,0.17627656146853796,8,-0.8465238640075896,0.23345069814692937,Pearson's product-moment correlation,two.sided,0.35336545732172353
DOM,Bacteria;Proteobacteria;Gammaproteobacteria;Oceanospirillales;Pseudohongiellaceae;Pseudohongiella;4940,Benzoic.acids.and.derivatives,-0.5646622407095196,-1.9351305573066127,0.08901299265414861,8,-0.8810516117090896,0.1008017074325861,Pearson's product-moment correlation,two.sided,0.24662835544302322
DOM,Bacteria;Bacteroidetes;Bacteroidia;Flavobacteriales;Flavobacteriaceae;2568,Beta.amino.acids.and.derivatives,-0.577266280926607,-1.999563631790248,0.08057068667352861,8,-0.8851677217865564,0.08225749626835364,Pearson's product-moment correlation,two.sided,0.22832735311390842
DOM,Bacteria;Bacteroidetes;Bacteroidia;Flavobacteriales;Flavobacteriaceae;Maribacter;2321,Beta.amino.acids.and.derivatives,0.5160924316768128,1.704230905096883,0.12673849327234074,8,-0.16818471187281323,0.8647290366663656,Pearson's product-moment correlation,two.sided,0.29093005051962123
DOM,Bacteria;Bacteroidetes;Bacteroidia;Flavobacteriales;Flavobacteriaceae;Polaribacter 4;7037,Beta.amino.acids.and.derivatives,0.8941739914157418,5.64886094850421,4.8206012384072227e-4,8,0.6053660044582517,0.9749230427954275,Pearson's product-moment correlation,two.sided,0.018014695615331748
DOM,Bacteria;Bacteroidetes;Bacteroidia;Flavobacteriales;Flavobacteriaceae;Winogradskyella;1626,Beta.amino.acids.and.derivatives,0.6932460829107246,2.720679093967116,0.026221154745565883,8,0.11289831083829154,0.9209086717191182,Pearson's product-moment correlation,two.sided,0.13035659787795612
DOM,Bacteria;Bacteroidetes;Bacteroidia;Flavobacteriales;Flavobacteriaceae;Winogradskyella;7920,Beta.amino.acids.and.derivatives,-0.6138013925387446,-2.199087288601341,0.059077932143067086,8,-0.8968327686230215,0.025793020357429527,Pearson's product-moment correlation,two.sided,0.19901389517357143
DOM,Bacteria;Proteobacteria;Alphaproteobacteria;Caulobacterales;Hyphomonadaceae;Hyphomonas;9037,Beta.amino.acids.and.derivatives,0.7414164240551303,3.125038767421044,0.014120734738430184,8,0.20966490505017504,0.9347071461695186,Pearson's product-moment correlation,two.sided,0.09812246470446705
DOM,Bacteria;Proteobacteria;Alphaproteobacteria;Caulobacterales;Hyphomonadaceae;Litorimonas;uncultured marine bacterium;4616,Beta.amino.acids.and.derivatives,0.507452097463539,1.6656895005118182,0.1343384246544658,8,-0.17953730218947853,0.8617460615310758,Pearson's product-moment correlation,two.sided,0.2983815740320029
DOM,Bacteria;Proteobacteria;Alphaproteobacteria;Rhodobacterales;Rhodobacteraceae;1503,Beta.amino.acids.and.derivatives,0.5793528839262021,2.0104330720499113,0.07922499246579101,8,-0.07914279318248307,0.8858445268917534,Pearson's product-moment correlation,two.sided,0.22524752759881758
DOM,Bacteria;Proteobacteria;Alphaproteobacteria;Rhodobacterales;Rhodobacteraceae;3349,Beta.amino.acids.and.derivatives,0.5259830623898667,1.749222142040954,0.11837277874793478,8,-0.15496264699418968,0.8681137333444626,Pearson's product-moment correlation,two.sided,0.28453290001009657
DOM,Bacteria;Proteobacteria;Alphaproteobacteria;Rhodobacterales;Rhodobacteraceae;6355,Beta.amino.acids.and.derivatives,-0.4126060791390791,-1.2811658582344063,0.23602274074983962,8,-0.8273079899802919,0.293186432327375,Pearson's product-moment correlation,two.sided,0.4042121741188198
DOM,Bacteria;Proteobacteria;Alphaproteobacteria;Rhodobacterales;Rhodobacteraceae;8714,Beta.amino.acids.and.derivatives,0.8945684016827021,5.66132395805784,4.751475487130853e-4,8,0.6066132482305763,0.9750204726257572,Pearson's product-moment correlation,two.sided,0.018014695615331748
DOM,Bacteria;Proteobacteria;Alphaproteobacteria;Rhodobacterales;Rhodobacteraceae;Jannaschia;uncultured Thalassobacter sp.;6889,Beta.amino.acids.and.derivatives,-0.8254371352949004,-4.135896156127808,0.0032717997993242675,8,-0.9574568837444942,-0.4076988072550638,Pearson's product-moment correlation,two.sided,0.035544080581242476
DOM,Bacteria;Proteobacteria;Alphaproteobacteria;Rhodobacterales;Rhodobacteraceae;Pseudophaeobacter;2713,Beta.amino.acids.and.derivatives,0.5843063086421239,2.0364759060827167,0.07608884256499657,8,-0.07169689285585114,0.887446000452475,Pearson's product-moment correlation,two.sided,0.22213856721995642
DOM,Bacteria;Proteobacteria;Alphaproteobacteria;Rhodobacterales;Rhodobacteraceae;Sulfitobacter;4056,Beta.amino.acids.and.derivatives,-0.39985551245397516,-1.2338960232213756,0.2522593725495467,8,-0.822427770023924,0.3070814829804592,Pearson's product-moment correlation,two.sided,0.41637989221038724
DOM,Bacteria;Proteobacteria;Gammaproteobacteria;Alteromonadales;Alteromonadaceae;3399,Beta.amino.acids.and.derivatives,-0.21181341001740128,-0.6130078664848319,0.5568923521367533,8,-0.7424271767638568,0.4821084629166978,Pearson's product-moment correlation,two.sided,0.6600767661566422
DOM,Bacteria;Proteobacteria;Gammaproteobacteria;Alteromonadales;Alteromonadaceae;376,Beta.amino.acids.and.derivatives,-0.4096493131216706,-1.2701255312386017,0.23973404997352546,8,-0.8261818491811292,0.29643537137254533,Pearson's product-moment correlation,two.sided,0.4081577758844758
DOM,Bacteria;Proteobacteria;Gammaproteobacteria;Alteromonadales;Alteromonadaceae;4531,Beta.amino.acids.and.derivatives,-0.5955550256536267,-2.0969171545451566,0.0692688892090921,8,-0.8910557996761442,0.054512042906669535,Pearson's product-moment correlation,two.sided,0.2147268795809069
DOM,Bacteria;Proteobacteria;Gammaproteobacteria;Alteromonadales;Alteromonadaceae;493,Beta.amino.acids.and.derivatives,-0.11960105343598491,-0.3407286025564214,0.7420831098399407,8,-0.6967586613320177,0.5515598961629194,Pearson's product-moment correlation,two.sided,0.8212314197592071
DOM,Bacteria;Proteobacteria;Gammaproteobacteria;Alteromonadales;Alteromonadaceae;Alteromonas;2666,Beta.amino.acids.and.derivatives,-0.09121915702766754,-0.2590869123703276,0.8021101960526691,8,-0.6816931087914798,0.5712142514627366,Pearson's product-moment correlation,two.sided,0.8685893634442858
DOM,Bacteria;Proteobacteria;Gammaproteobacteria;Alteromonadales;Alteromonadaceae;Alteromonas;3023,Beta.amino.acids.and.derivatives,-0.08928746357953848,-0.25355581166304336,0.8062333501602181,8,-0.6806492069740471,0.5725248895385396,Pearson's product-moment correlation,two.sided,0.8685893634442858
DOM,Bacteria;Proteobacteria;Gammaproteobacteria;Alteromonadales;Alteromonadaceae;Alteromonas;592,Beta.amino.acids.and.derivatives,-0.055883569228616696,-0.15830999527969356,0.8781357463251342,8,-0.6622095210638503,0.5946665278291074,Pearson's product-moment correlation,two.sided,0.921565861643989
DOM,Bacteria;Proteobacteria;Gammaproteobacteria;Betaproteobacteriales;Burkholderiaceae;Limnobacter;45,Beta.amino.acids.and.derivatives,0.6422324646949855,2.3698424119677144,0.04525754923232539,8,0.02116429526546282,0.9056459333797815,Pearson's product-moment correlation,two.sided,0.17045051009577095
DOM,Bacteria;Proteobacteria;Gammaproteobacteria;Betaproteobacteriales;Methylophilaceae;OM43 clade;3485,Beta.amino.acids.and.derivatives,0.28685391708196384,0.8469385542179652,0.42164116682270225,8,-0.41832668894414526,0.776276348073891,Pearson's product-moment correlation,two.sided,0.5499667393339595
DOM,Bacteria;Proteobacteria;Gammaproteobacteria;Cellvibrionales;Cellvibrionaceae;Umboniibacter;uncultured bacterium;7259,Beta.amino.acids.and.derivatives,-0.585067486197351,-2.0405082028669734,0.07561417294359213,8,-0.8876914468841627,0.0705461863516231,Pearson's product-moment correlation,two.sided,0.22171363656113308
DOM,Bacteria;Proteobacteria;Gammaproteobacteria;Oceanospirillales;Marinomonadaceae;Marinomonas;3263,Beta.amino.acids.and.derivatives,-0.5973850734786448,-2.106927606144853,0.06819855148624267,8,-0.891639561752444,0.05167934587404104,Pearson's product-moment correlation,two.sided,0.21272867119877975
DOM,Bacteria;Proteobacteria;Gammaproteobacteria;Oceanospirillales;Marinomonadaceae;Marinomonas;6323,Beta.amino.acids.and.derivatives,0.1180010544740306,0.3361055951240847,0.7454369935828747,8,-0.5526880725298309,0.6959226879895506,Pearson's product-moment correlation,two.sided,0.823007848245052
DOM,Bacteria;Proteobacteria;Gammaproteobacteria;Oceanospirillales;Nitrincolaceae;Neptuniibacter;5936,Beta.amino.acids.and.derivatives,0.5849481745092786,2.0398756147688535,0.07568844834328335,8,-0.07072667061395319,0.8876529854522719,Pearson's product-moment correlation,two.sided,0.22171363656113308
DOM,Bacteria;Proteobacteria;Gammaproteobacteria;Oceanospirillales;Oleiphilaceae;Oleiphilus;2747,Beta.amino.acids.and.derivatives,0.8256020065943971,4.138490277477743,0.0032601453211167355,8,0.40813029905498993,0.957499967956903,Pearson's product-moment correlation,two.sided,0.035544080581242476
DOM,Bacteria;Proteobacteria;Gammaproteobacteria;Oceanospirillales;Pseudohongiellaceae;Pseudohongiella;4940,Beta.amino.acids.and.derivatives,0.6852243995826965,2.6610216793926784,0.028759870785093834,8,0.09778675945025536,0.9185540531401135,Pearson's product-moment correlation,two.sided,0.13747850320347052
DOM,Bacteria;Bacteroidetes;Bacteroidia;Flavobacteriales;Flavobacteriaceae;2568,Branched.fatty.acids,-0.6483149103309227,-2.408429465034541,0.0426125002113963,8,-0.9075022959871835,-0.03157905942512237,Pearson's product-moment correlation,two.sided,0.16554461096555698
DOM,Bacteria;Bacteroidetes;Bacteroidia;Flavobacteriales;Flavobacteriaceae;Maribacter;2321,Branched.fatty.acids,0.51099229487406,1.6813973906492967,0.13119146940512666,8,-0.17490783619246106,0.8629712430002158,Pearson's product-moment correlation,two.sided,0.2972306728709901
DOM,Bacteria;Bacteroidetes;Bacteroidia;Flavobacteriales;Flavobacteriaceae;Polaribacter 4;7037,Branched.fatty.acids,0.8723580796234304,5.047178471615857,9.927269246517124e-4,8,0.5385179007796221,0.9694852879583301,Pearson's product-moment correlation,two.sided,0.02160009524444861
DOM,Bacteria;Bacteroidetes;Bacteroidia;Flavobacteriales;Flavobacteriaceae;Winogradskyella;1626,Branched.fatty.acids,0.6633577446557164,2.5073539836501713,0.03652117107396451,8,0.057924713560698324,0.9120502945241604,Pearson's product-moment correlation,two.sided,0.15489476992963508
DOM,Bacteria;Bacteroidetes;Bacteroidia;Flavobacteriales;Flavobacteriaceae;Winogradskyella;7920,Branched.fatty.acids,-0.6847159065425302,-2.6573027812974526,0.028926236929740768,8,-0.9184042341461015,-0.0968378846466174,Pearson's product-moment correlation,two.sided,0.13751817556762005
DOM,Bacteria;Proteobacteria;Alphaproteobacteria;Caulobacterales;Hyphomonadaceae;Hyphomonas;9037,Branched.fatty.acids,0.7915753558539915,3.6639132642600227,0.0063651478843849505,8,0.32286279506195176,0.9484815947206341,Pearson's product-moment correlation,two.sided,0.053246910186681796
DOM,Bacteria;Proteobacteria;Alphaproteobacteria;Caulobacterales;Hyphomonadaceae;Litorimonas;uncultured marine bacterium;4616,Branched.fatty.acids,0.5060720416412609,1.6595970738796328,0.13557764421267868,8,-0.18133377639431833,0.8612673336731768,Pearson's product-moment correlation,two.sided,0.2993719554950011
DOM,Bacteria;Proteobacteria;Alphaproteobacteria;Rhodobacterales;Rhodobacteraceae;1503,Branched.fatty.acids,0.4810189051476023,1.5518547464249848,0.15929754349888925,8,-0.21316787780490223,0.8524656291624599,Pearson's product-moment correlation,two.sided,0.33155230345462594
DOM,Bacteria;Proteobacteria;Alphaproteobacteria;Rhodobacterales;Rhodobacteraceae;3349,Branched.fatty.acids,0.5600147276198494,1.911881729594894,0.09226320750629201,8,-0.10752482682775857,0.8795216819667009,Pearson's product-moment correlation,two.sided,0.25321448116868783
DOM,Bacteria;Proteobacteria;Alphaproteobacteria;Rhodobacterales;Rhodobacteraceae;6355,Branched.fatty.acids,-0.4452336425130918,-1.40640006177571,0.19724043874157024,8,-0.8395173603149215,0.25621863591011274,Pearson's product-moment correlation,two.sided,0.37062458251655744
DOM,Bacteria;Proteobacteria;Alphaproteobacteria;Rhodobacterales;Rhodobacteraceae;8714,Branched.fatty.acids,0.8452426675664013,4.473774026326249,0.002072830390197731,8,0.46090291098610164,0.9625906986271413,Pearson's product-moment correlation,two.sided,0.029198658563415844
DOM,Bacteria;Proteobacteria;Alphaproteobacteria;Rhodobacterales;Rhodobacteraceae;Jannaschia;uncultured Thalassobacter sp.;6889,Branched.fatty.acids,-0.9105226544264825,-6.228781657547167,2.5143112714350236e-4,8,-0.9789358119875113,-0.6582824460484499,Pearson's product-moment correlation,two.sided,0.01367156753842794
DOM,Bacteria;Proteobacteria;Alphaproteobacteria;Rhodobacterales;Rhodobacteraceae;Pseudophaeobacter;2713,Branched.fatty.acids,0.5004927292828381,1.635139882811922,0.14065901331603112,8,-0.18855012475725788,0.8593254763188974,Pearson's product-moment correlation,two.sided,0.30593335396236765
DOM,Bacteria;Proteobacteria;Alphaproteobacteria;Rhodobacterales;Rhodobacteraceae;Sulfitobacter;4056,Branched.fatty.acids,-0.4347765576161859,-1.3655540485473439,0.20923549855014417,8,-0.8356471594024903,0.268294488512142,Pearson's product-moment correlation,two.sided,0.37929757900733246
DOM,Bacteria;Proteobacteria;Gammaproteobacteria;Alteromonadales;Alteromonadaceae;3399,Branched.fatty.acids,-0.03374409804966888,-0.09549710727615962,0.9262687788472717,8,-0.6495695326710241,0.6088172378562976,Pearson's product-moment correlation,two.sided,0.9529235865558467
DOM,Bacteria;Proteobacteria;Gammaproteobacteria;Alteromonadales;Alteromonadaceae;376,Branched.fatty.acids,-0.4428954817353619,-1.3972060779709026,0.19988683776393387,8,-0.8386554584990094,0.25893788645168225,Pearson's product-moment correlation,two.sided,0.37317928938760186
DOM,Bacteria;Proteobacteria;Gammaproteobacteria;Alteromonadales;Alteromonadaceae;4531,Branched.fatty.acids,-0.6667500629281559,-2.530391853473872,0.03523393211758549,8,-0.9130675315844805,-0.06398479578496234,Pearson's product-moment correlation,two.sided,0.1523728287824151
DOM,Bacteria;Proteobacteria;Gammaproteobacteria;Alteromonadales;Alteromonadaceae;493,Branched.fatty.acids,-0.16973233709667218,-0.48714390698893456,0.6392233905200213,8,-0.7221806740418305,0.5149226924790353,Pearson's product-moment correlation,two.sided,0.7327066531652419
DOM,Bacteria;Proteobacteria;Gammaproteobacteria;Alteromonadales;Alteromonadaceae;Alteromonas;2666,Branched.fatty.acids,0.11921878749618063,0.33962384699628817,0.7428840544258574,8,-0.5518296593945003,0.6965590760601956,Pearson's product-moment correlation,two.sided,0.8212314197592071
DOM,Bacteria;Proteobacteria;Gammaproteobacteria;Alteromonadales;Alteromonadaceae;Alteromonas;3023,Branched.fatty.acids,0.1139327275183391,0.32436251419974427,0.7539821833035818,8,-0.5555456642743679,0.6937899750977503,Pearson's product-moment correlation,two.sided,0.8303348094609067
DOM,Bacteria;Proteobacteria;Gammaproteobacteria;Alteromonadales;Alteromonadaceae;Alteromonas;592,Branched.fatty.acids,-0.12134497882432992,-0.3457705372753553,0.7384319793288074,8,-0.6976680516461699,0.5503274326157901,Pearson's product-moment correlation,two.sided,0.8183895821860668
DOM,Bacteria;Proteobacteria;Gammaproteobacteria;Betaproteobacteriales;Burkholderiaceae;Limnobacter;45,Branched.fatty.acids,0.6720551446525416,2.566990102363928,0.03328303606264202,8,0.07355182997221443,0.9146522179329473,Pearson's product-moment correlation,two.sided,0.14953389997805447
DOM,Bacteria;Proteobacteria;Gammaproteobacteria;Betaproteobacteriales;Methylophilaceae;OM43 clade;3485,Branched.fatty.acids,0.4277143951792195,1.3383564013888425,0.2175685135546061,8,-0.2763267680150997,0.8330107162159273,Pearson's product-moment correlation,two.sided,0.383944435684599
DOM,Bacteria;Proteobacteria;Gammaproteobacteria;Cellvibrionales;Cellvibrionaceae;Umboniibacter;uncultured bacterium;7259,Branched.fatty.acids,-0.6562172764283272,-2.45975569222618,0.039333741554245134,8,-0.9098990708945741,-0.04531303968572755,Pearson's product-moment correlation,two.sided,0.15798116850394606
DOM,Bacteria;Proteobacteria;Gammaproteobacteria;Oceanospirillales;Marinomonadaceae;Marinomonas;3263,Branched.fatty.acids,-0.6685752870876897,-2.5429040007594326,0.03455421578891476,8,-0.91361358682929,-0.06726389870581635,Pearson's product-moment correlation,two.sided,0.15090604833826968
DOM,Bacteria;Proteobacteria;Gammaproteobacteria;Oceanospirillales;Marinomonadaceae;Marinomonas;6323,Branched.fatty.acids,0.17102460033683645,0.49096411124228956,0.6366356668227506,8,-0.5139440059225376,0.7228168370459288,Pearson's product-moment correlation,two.sided,0.7326362832484035
DOM,Bacteria;Proteobacteria;Gammaproteobacteria;Oceanospirillales;Nitrincolaceae;Neptuniibacter;5936,Branched.fatty.acids,0.518308554006352,1.7142291797332867,0.12483315756561929,8,-0.1652433892605668,0.8654901841701522,Pearson's product-moment correlation,two.sided,0.2873562216787037
DOM,Bacteria;Proteobacteria;Gammaproteobacteria;Oceanospirillales;Oleiphilaceae;Oleiphilus;2747,Branched.fatty.acids,0.8079421336503796,3.8780815510097613,0.004687477315763821,8,0.362948137556601,0.9528513910771471,Pearson's product-moment correlation,two.sided,0.04338409856079281
DOM,Bacteria;Proteobacteria;Gammaproteobacteria;Oceanospirillales;Pseudohongiellaceae;Pseudohongiella;4940,Branched.fatty.acids,0.6819511620373255,2.6372097338489597,0.029842296495807177,8,0.09169735896038664,0.9175884737907916,Pearson's product-moment correlation,two.sided,0.1411021627790883
DOM,Bacteria;Bacteroidetes;Bacteroidia;Flavobacteriales;Flavobacteriaceae;2568,Disaccharides,0.30333567442673,0.9003856308906469,0.3942110016335134,8,-0.40331994301807267,0.7833512025438377,Pearson's product-moment correlation,two.sided,0.5260177475784612
DOM,Bacteria;Bacteroidetes;Bacteroidia;Flavobacteriales;Flavobacteriaceae;Maribacter;2321,Disaccharides,0.30049123704627345,0.8911001367014303,0.3988820891909811,8,-0.40593724837956685,0.782139033356259,Pearson's product-moment correlation,two.sided,0.5273972911795647
DOM,Bacteria;Bacteroidetes;Bacteroidia;Flavobacteriales;Flavobacteriaceae;Polaribacter 4;7037,Disaccharides,-0.011800188922191333,-0.033378298377100914,0.9741906807375569,8,-0.6366960229507378,0.6224507395111403,Pearson's product-moment correlation,two.sided,0.9806653009132921
DOM,Bacteria;Bacteroidetes;Bacteroidia;Flavobacteriales;Flavobacteriaceae;Winogradskyella;1626,Disaccharides,0.2543974811643142,0.7440232903241522,0.4781438108028704,8,-0.4467942408483766,0.7619742872864791,Pearson's product-moment correlation,two.sided,0.5842487575821591
DOM,Bacteria;Bacteroidetes;Bacteroidia;Flavobacteriales;Flavobacteriaceae;Winogradskyella;7920,Disaccharides,0.3147258987624777,0.9378377444658598,0.37577371455159236,8,-0.39272209554908444,0.7881688864766325,Pearson's product-moment correlation,two.sided,0.5094814529374886
DOM,Bacteria;Proteobacteria;Alphaproteobacteria;Caulobacterales;Hyphomonadaceae;Hyphomonas;9037,Disaccharides,-0.7099845171258592,-2.8515907053710525,0.021426591254447395,8,-0.9257689999031462,-0.14531978085245498,Pearson's product-moment correlation,two.sided,0.11663590099721007
DOM,Bacteria;Proteobacteria;Alphaproteobacteria;Caulobacterales;Hyphomonadaceae;Litorimonas;uncultured marine bacterium;4616,Disaccharides,0.2945238306987982,0.8717043938688395,0.4087672959438339,8,-0.4113907497034931,0.7795840954793204,Pearson's product-moment correlation,two.sided,0.5380144439805378
DOM,Bacteria;Proteobacteria;Alphaproteobacteria;Rhodobacterales;Rhodobacteraceae;1503,Disaccharides,-0.18549060339039722,-0.533912145076511,0.6079143686810672,8,-0.7298749784823346,0.5028652047664988,Pearson's product-moment correlation,two.sided,0.7051806676700378
DOM,Bacteria;Proteobacteria;Alphaproteobacteria;Rhodobacterales;Rhodobacteraceae;3349,Disaccharides,0.11259133847508515,0.32049429745372177,0.7568049873689637,8,-0.5564844015156499,0.6930845507654992,Pearson's product-moment correlation,two.sided,0.8323898091163066
DOM,Bacteria;Proteobacteria;Alphaproteobacteria;Rhodobacterales;Rhodobacteraceae;6355,Disaccharides,0.43460755793135963,1.3648996155023483,0.20943272506465704,8,-0.26848785190705043,0.8355842835104396,Pearson's product-moment correlation,two.sided,0.37929757900733246
DOM,Bacteria;Proteobacteria;Alphaproteobacteria;Rhodobacterales;Rhodobacteraceae;8714,Disaccharides,-0.282505730453408,-0.832977709019015,0.42902260398662395,8,-0.7743890907503481,0.4222225835409812,Pearson's product-moment correlation,two.sided,0.555893201070906
DOM,Bacteria;Proteobacteria;Alphaproteobacteria;Rhodobacterales;Rhodobacteraceae;Jannaschia;uncultured Thalassobacter sp.;6889,Disaccharides,0.6214558388984606,2.2435948163624,0.055115429687121575,8,-0.01342247306854767,0.899227830825944,Pearson's product-moment correlation,two.sided,0.19180169531118307
DOM,Bacteria;Proteobacteria;Alphaproteobacteria;Rhodobacterales;Rhodobacteraceae;Pseudophaeobacter;2713,Disaccharides,-0.257277905982682,-0.7530410864999111,0.47300091815425493,8,-0.7632638993413182,0.44432395997218144,Pearson's product-moment correlation,two.sided,0.5795926743580306
DOM,Bacteria;Proteobacteria;Alphaproteobacteria;Rhodobacterales;Rhodobacteraceae;Sulfitobacter;4056,Disaccharides,0.43892697740617515,1.381682307931085,0.20442551011906795,8,-0.2635278795989638,0.8371880220394099,Pearson's product-moment correlation,two.sided,0.3776012607294886
DOM,Bacteria;Proteobacteria;Gammaproteobacteria;Alteromonadales;Alteromonadaceae;3399,Disaccharides,-0.4462721249980418,-1.4104950067392905,0.19607163992069893,8,-0.8398995343806498,0.2550073231855144,Pearson's product-moment correlation,two.sided,0.3698861169483616
DOM,Bacteria;Proteobacteria;Gammaproteobacteria;Alteromonadales;Alteromonadaceae;376,Disaccharides,0.4360756297385524,1.3705905161411511,0.2077230304412568,8,-0.2668062427697647,0.8361301252886063,Pearson's product-moment correlation,two.sided,0.3788659045783929
DOM,Bacteria;Proteobacteria;Gammaproteobacteria;Alteromonadales;Alteromonadaceae;4531,Disaccharides,0.3093974435097064,0.9202628262969076,0.38434525168390776,8,-0.3977033693636503,0.7859223274614575,Pearson's product-moment correlation,two.sided,0.5176166702244578
DOM,Bacteria;Proteobacteria;Gammaproteobacteria;Alteromonadales;Alteromonadaceae;493,Disaccharides,0.4313424102589917,1.3522903986747306,0.213264264188642,8,-0.27221262754462444,0.8343674281789127,Pearson's product-moment correlation,two.sided,0.381528572887109
DOM,Bacteria;Proteobacteria;Gammaproteobacteria;Alteromonadales;Alteromonadaceae;Alteromonas;2666,Disaccharides,-0.8447344874670369,-4.464376203933162,0.002098834305732589,8,-0.9624600174713966,-0.45950234254950395,Pearson's product-moment correlation,two.sided,0.029198658563415844
DOM,Bacteria;Proteobacteria;Gammaproteobacteria;Alteromonadales;Alteromonadaceae;Alteromonas;3023,Disaccharides,-0.8675848813472399,-4.934555149065315,0.0011428663731296277,8,-0.9682826565612859,-0.5244315472693061,Pearson's product-moment correlation,two.sided,0.0220954165471728
DOM,Bacteria;Proteobacteria;Gammaproteobacteria;Alteromonadales;Alteromonadaceae;Alteromonas;592,Disaccharides,0.5087889768676384,1.6716077799670248,0.1331446437452551,8,-0.17779265229124647,0.8622092110727334,Pearson's product-moment correlation,two.sided,0.2983815740320029
DOM,Bacteria;Proteobacteria;Gammaproteobacteria;Betaproteobacteriales;Burkholderiaceae;Limnobacter;45,Disaccharides,-0.6714101369893204,-2.562502459444793,0.033516218960598414,8,-0.9144599443832799,-0.07238272916820797,Pearson's product-moment correlation,two.sided,0.14953389997805447
DOM,Bacteria;Proteobacteria;Gammaproteobacteria;Betaproteobacteriales;Methylophilaceae;OM43 clade;3485,Disaccharides,-0.9554688480671404,-9.158073184870537,1.630177570606427e-5,8,-0.9897019931244859,-0.8178538951525217,Pearson's product-moment correlation,two.sided,0.0012893222603887198
DOM,Bacteria;Proteobacteria;Gammaproteobacteria;Cellvibrionales;Cellvibrionaceae;Umboniibacter;uncultured bacterium;7259,Disaccharides,0.3059866359841558,0.9090633926658093,0.3898815422887675,8,-0.4008702101097421,0.784477643724779,Pearson's product-moment correlation,two.sided,0.5218414489095811
DOM,Bacteria;Proteobacteria;Gammaproteobacteria;Oceanospirillales;Marinomonadaceae;Marinomonas;3263,Disaccharides,0.3099711748745309,0.922150522325925,0.383417781963752,8,-0.39716901513555,0.7861648273699692,Pearson's product-moment correlation,two.sided,0.5171681710208748
DOM,Bacteria;Proteobacteria;Gammaproteobacteria;Oceanospirillales;Marinomonadaceae;Marinomonas;6323,Disaccharides,0.35255505058210407,1.065597112993411,0.31770668979292377,8,-0.35612261048457244,0.8037635746966721,Pearson's product-moment correlation,two.sided,0.46221541826060814
DOM,Bacteria;Proteobacteria;Gammaproteobacteria;Oceanospirillales;Nitrincolaceae;Neptuniibacter;5936,Disaccharides,-0.30369831691869226,-0.9015713528526316,0.3936173817951848,8,-0.783505482229363,0.4029854249002577,Pearson's product-moment correlation,two.sided,0.5260177475784612
DOM,Bacteria;Proteobacteria;Gammaproteobacteria;Oceanospirillales;Oleiphilaceae;Oleiphilus;2747,Disaccharides,-0.43071352595106854,-1.349869329227399,0.21400683168840137,8,-0.8341326035138459,0.2729276251398819,Pearson's product-moment correlation,two.sided,0.381528572887109
DOM,Bacteria;Proteobacteria;Gammaproteobacteria;Oceanospirillales;Pseudohongiellaceae;Pseudohongiella;4940,Disaccharides,-0.5507683416870147,-1.8664025623969562,0.09895254301762417,8,-0.8764580632859497,0.12072157225473243,Pearson's product-moment correlation,two.sided,0.260086744487411
DOM,Bacteria;Bacteroidetes;Bacteroidia;Flavobacteriales;Flavobacteriaceae;2568,Gamma.amino.acids.and.derivatives,-0.5945726586603389,-2.09156446423918,0.06984793899011109,8,-0.8907420333011452,0.056028326765210926,Pearson's product-moment correlation,two.sided,0.2147268795809069
DOM,Bacteria;Bacteroidetes;Bacteroidia;Flavobacteriales;Flavobacteriaceae;Maribacter;2321,Gamma.amino.acids.and.derivatives,0.339578581623453,1.0211525147173117,0.3370662331935898,8,-0.3689271493755388,0.7984831180740585,Pearson's product-moment correlation,two.sided,0.48231516920793277
DOM,Bacteria;Bacteroidetes;Bacteroidia;Flavobacteriales;Flavobacteriaceae;Polaribacter 4;7037,Gamma.amino.acids.and.derivatives,0.7935611487908943,3.6886850892753884,0.006141820780818801,8,0.3276383646220286,0.9490149864715146,Pearson's product-moment correlation,two.sided,0.05187751533312968
DOM,Bacteria;Bacteroidetes;Bacteroidia;Flavobacteriales;Flavobacteriaceae;Winogradskyella;1626,Gamma.amino.acids.and.derivatives,0.5212681883941424,1.7276556307273119,0.12231644207330589,8,-0.16129619401995626,0.8665042036482273,Pearson's product-moment correlation,two.sided,0.28453290001009657
DOM,Bacteria;Bacteroidetes;Bacteroidia;Flavobacteriales;Flavobacteriaceae;Winogradskyella;7920,Gamma.amino.acids.and.derivatives,-0.6340210344791085,-2.3189520886791533,0.04899952009381878,8,-0.903123684885055,-0.007314758921580993,Pearson's product-moment correlation,two.sided,0.17877359976320914
DOM,Bacteria;Proteobacteria;Alphaproteobacteria;Caulobacterales;Hyphomonadaceae;Hyphomonas;9037,Gamma.amino.acids.and.derivatives,0.8926251278850887,5.600547321141106,5.099203186520649e-4,8,0.6004817155187057,0.9745401325912669,Pearson's product-moment correlation,two.sided,0.018014695615331748
DOM,Bacteria;Proteobacteria;Alphaproteobacteria;Caulobacterales;Hyphomonadaceae;Litorimonas;uncultured marine bacterium;4616,Gamma.amino.acids.and.derivatives,0.333890839328799,1.0018821733285235,0.34573751945827724,8,-0.3744560228941111,0.7961461564586051,Pearson's product-moment correlation,two.sided,0.4898149028129477
DOM,Bacteria;Proteobacteria;Alphaproteobacteria;Rhodobacterales;Rhodobacteraceae;1503,Gamma.amino.acids.and.derivatives,0.6097692229280959,2.176045261943561,0.06123880026777735,8,-0.0322316820855815,0.8955644020473859,Pearson's product-moment correlation,two.sided,0.20160330996337658
DOM,Bacteria;Proteobacteria;Alphaproteobacteria;Rhodobacterales;Rhodobacteraceae;3349,Gamma.amino.acids.and.derivatives,0.400051378934049,1.2346155671399492,0.25200539004632594,8,-0.3068702909625319,0.8225032103703958,Pearson's product-moment correlation,two.sided,0.41637989221038724
DOM,Bacteria;Proteobacteria;Alphaproteobacteria;Rhodobacterales;Rhodobacteraceae;6355,Gamma.amino.acids.and.derivatives,-0.5000248491652577,-1.633101373923,0.1410903502986955,8,-0.8591621609531863,0.18915192355454089,Pearson's product-moment correlation,two.sided,0.30610624628395283
DOM,Bacteria;Proteobacteria;Alphaproteobacteria;Rhodobacterales;Rhodobacteraceae;8714,Gamma.amino.acids.and.derivatives,0.9024086518349278,5.923667578177273,3.5223603549901634e-4,8,0.631704161423234,0.9769508196899717,Pearson's product-moment correlation,two.sided,0.01601438288159068
DOM,Bacteria;Proteobacteria;Alphaproteobacteria;Rhodobacterales;Rhodobacteraceae;Jannaschia;uncultured Thalassobacter sp.;6889,Gamma.amino.acids.and.derivatives,-0.9254356148047046,-6.908137632165996,1.235106663072116e-4,8,-0.9825506662172449,-0.7088285338722089,Pearson's product-moment correlation,two.sided,0.007163618645818272
DOM,Bacteria;Proteobacteria;Alphaproteobacteria;Rhodobacterales;Rhodobacteraceae;Pseudophaeobacter;2713,Gamma.amino.acids.and.derivatives,0.6354223841194783,2.3275420407901364,0.04834684318080015,8,0.009661405919038434,0.903555446059105,Pearson's product-moment correlation,two.sided,0.1782277693529497
DOM,Bacteria;Proteobacteria;Alphaproteobacteria;Rhodobacterales;Rhodobacteraceae;Sulfitobacter;4056,Gamma.amino.acids.and.derivatives,-0.493130462285814,-1.6032817572029847,0.14754007330175753,8,-0.8567471361812151,0.19796003551000435,Pearson's product-moment correlation,two.sided,0.31383829773234484
DOM,Bacteria;Proteobacteria;Gammaproteobacteria;Alteromonadales;Alteromonadaceae;3399,Gamma.amino.acids.and.derivatives,-0.07951746703795144,-0.22562380458206588,0.8271512300957371,8,-0.6753323815206798,0.5791023381329552,Pearson's product-moment correlation,two.sided,0.8840559830261563
DOM,Bacteria;Proteobacteria;Gammaproteobacteria;Alteromonadales;Alteromonadaceae;376,Gamma.amino.acids.and.derivatives,-0.4986509661907195,-1.6271264999207342,0.14236159919014696,8,-0.8586821785550556,0.19091605827653046,Pearson's product-moment correlation,two.sided,0.3073314920482081
DOM,Bacteria;Proteobacteria;Gammaproteobacteria;Alteromonadales;Alteromonadaceae;4531,Gamma.amino.acids.and.derivatives,-0.6142358923906125,-2.201586611559838,0.05884812561106017,8,-0.8969691684997602,0.02509601917775311,Pearson's product-moment correlation,two.sided,0.19901389517357143
DOM,Bacteria;Proteobacteria;Gammaproteobacteria;Alteromonadales;Alteromonadaceae;493,Gamma.amino.acids.and.derivatives,-0.25378711717749386,-0.7421151424149408,0.4792367115107844,8,-0.7617004997441728,0.44731632575613334,Pearson's product-moment correlation,two.sided,0.5847628878182082
DOM,Bacteria;Proteobacteria;Gammaproteobacteria;Alteromonadales;Alteromonadaceae;Alteromonas;2666,Gamma.amino.acids.and.derivatives,0.1642816492443509,0.47105872490390877,0.6501765869908085,8,-0.5190311852325378,0.7194870529793381,Pearson's product-moment correlation,two.sided,0.7413546928990871
DOM,Bacteria;Proteobacteria;Gammaproteobacteria;Alteromonadales;Alteromonadaceae;Alteromonas;3023,Gamma.amino.acids.and.derivatives,0.16746086736043447,0.48043521801941347,0.6437804400649878,8,-0.5166386592865445,0.721060191712019,Pearson's product-moment correlation,two.sided,0.7369591879691307
DOM,Bacteria;Proteobacteria;Gammaproteobacteria;Alteromonadales;Alteromonadaceae;Alteromonas;592,Gamma.amino.acids.and.derivatives,-0.22221572212374563,-0.6446385351618029,0.5372036799964144,8,-0.7472869639031592,0.4736852357655909,Pearson's product-moment correlation,two.sided,0.6411072724237044
DOM,Bacteria;Proteobacteria;Gammaproteobacteria;Betaproteobacteriales;Burkholderiaceae;Limnobacter;45,Gamma.amino.acids.and.derivatives,0.8018498757925743,3.7956100093026213,0.0052695190697608875,8,0.3478320932675867,0.9512318001996622,Pearson's product-moment correlation,two.sided,0.046545996374824976
DOM,Bacteria;Proteobacteria;Gammaproteobacteria;Betaproteobacteriales;Methylophilaceae;OM43 clade;3485,Gamma.amino.acids.and.derivatives,0.5572961630018497,1.898404683324272,0.09419906040733177,8,-0.1114294192562428,0.8786236764711397,Pearson's product-moment correlation,two.sided,0.25451298929931254
DOM,Bacteria;Proteobacteria;Gammaproteobacteria;Cellvibrionales;Cellvibrionaceae;Umboniibacter;uncultured bacterium;7259,Gamma.amino.acids.and.derivatives,-0.6029449663150583,-2.1376569355436548,0.06501319732666941,8,-0.8934071157690413,0.043008743875316134,Pearson's product-moment correlation,two.sided,0.20773906847598342
DOM,Bacteria;Proteobacteria;Gammaproteobacteria;Oceanospirillales;Marinomonadaceae;Marinomonas;3263,Gamma.amino.acids.and.derivatives,-0.6162111223258607,-2.2129891696564705,0.057810859536800464,8,-0.897588562521182,0.021919607015520946,Pearson's product-moment correlation,two.sided,0.19865298317810443
DOM,Bacteria;Proteobacteria;Gammaproteobacteria;Oceanospirillales;Marinomonadaceae;Marinomonas;6323,Gamma.amino.acids.and.derivatives,-0.03403847279218395,-0.09633116139498209,0.9256270505060922,8,-0.6497398618344538,0.608631729271779,Pearson's product-moment correlation,two.sided,0.9529235865558467
DOM,Bacteria;Proteobacteria;Gammaproteobacteria;Oceanospirillales;Nitrincolaceae;Neptuniibacter;5936,Gamma.amino.acids.and.derivatives,0.6531401872318033,2.4396052846691254,0.04058949038374581,8,0.039937592213853366,0.908967803865854,Pearson's product-moment correlation,two.sided,0.16124592070255184
DOM,Bacteria;Proteobacteria;Gammaproteobacteria;Oceanospirillales;Oleiphilaceae;Oleiphilus;2747,Gamma.amino.acids.and.derivatives,0.8922056784111588,5.587632875893387,5.176636671072342e-4,8,0.599162736234949,0.9744363539621769,Pearson's product-moment correlation,two.sided,0.018014695615331748
DOM,Bacteria;Proteobacteria;Gammaproteobacteria;Oceanospirillales;Pseudohongiellaceae;Pseudohongiella;4940,Gamma.amino.acids.and.derivatives,0.808540636249285,3.886372317527977,0.004632895409087016,8,0.3644458787443643,0.9530100553086378,Pearson's product-moment correlation,two.sided,0.04333998931081402
DOM,Bacteria;Bacteroidetes;Bacteroidia;Flavobacteriales;Flavobacteriaceae;2568,Glucuronides,0.3006131970101039,0.8914977287077114,0.39868126564899165,8,-0.4058252643502487,0.7821910820295036,Pearson's product-moment correlation,two.sided,0.5273972911795647
DOM,Bacteria;Bacteroidetes;Bacteroidia;Flavobacteriales;Flavobacteriaceae;Maribacter;2321,Glucuronides,0.4398197885569674,1.385165953367825,0.20339926949070952,8,-0.2624980150642943,0.8375186580789207,Pearson's product-moment correlation,two.sided,0.3767186684823189
DOM,Bacteria;Bacteroidetes;Bacteroidia;Flavobacteriales;Flavobacteriaceae;Polaribacter 4;7037,Glucuronides,0.09556708776552422,0.2715474181469557,0.7928458509901863,8,-0.5682518056432786,0.6840340007692548,Pearson's product-moment correlation,two.sided,0.8643808149893009
DOM,Bacteria;Bacteroidetes;Bacteroidia;Flavobacteriales;Flavobacteriaceae;Winogradskyella;1626,Glucuronides,0.3890153948683065,1.1943816392730724,0.26653695418554363,8,-0.31866222121453597,0.8182292637688304,Pearson's product-moment correlation,two.sided,0.4286268949009666
DOM,Bacteria;Bacteroidetes;Bacteroidia;Flavobacteriales;Flavobacteriaceae;Winogradskyella;7920,Glucuronides,0.30086257629141605,0.892310860019828,0.398270780176213,8,-0.40559621744711916,0.7822974883360035,Pearson's product-moment correlation,two.sided,0.5273972911795647
DOM,Bacteria;Proteobacteria;Alphaproteobacteria;Caulobacterales;Hyphomonadaceae;Hyphomonas;9037,Glucuronides,-0.7030774711063409,-2.7964650637531765,0.02332461030464253,8,-0.9237720108911017,-0.13179260098368067,Pearson's product-moment correlation,two.sided,0.12078816050618453
DOM,Bacteria;Proteobacteria;Alphaproteobacteria;Caulobacterales;Hyphomonadaceae;Litorimonas;uncultured marine bacterium;4616,Glucuronides,0.43632743546856384,1.371567982222561,0.20743059399329974,8,-0.2665173801726134,0.8362236693005556,Pearson's product-moment correlation,two.sided,0.3788659045783929
DOM,Bacteria;Proteobacteria;Alphaproteobacteria;Rhodobacterales;Rhodobacteraceae;1503,Glucuronides,-0.23659055811114946,-0.6887326564392319,0.5104676327716895,8,-0.7539114642046408,0.4618319025357763,Pearson's product-moment correlation,two.sided,0.6176729353426562
DOM,Bacteria;Proteobacteria;Alphaproteobacteria;Rhodobacterales;Rhodobacteraceae;3349,Glucuronides,0.24979322135485546,0.7296524882554485,0.48641479136986765,8,-0.45072081859467966,0.7599044926133514,Pearson's product-moment correlation,two.sided,0.5918613545339649
DOM,Bacteria;Proteobacteria;Alphaproteobacteria;Rhodobacterales;Rhodobacteraceae;6355,Glucuronides,0.36763727726389206,1.11813936987471,0.295956900786503,8,-0.34089810467626686,0.809812872759162,Pearson's product-moment correlation,two.sided,0.4462435072517463
DOM,Bacteria;Proteobacteria;Alphaproteobacteria;Rhodobacterales;Rhodobacteraceae;8714,Glucuronides,-0.24516210207893246,-0.7152511004921983,0.49479565389067703,8,-0.7578121366024575,0.4546431447924817,Pearson's product-moment correlation,two.sided,0.5997285655951446
DOM,Bacteria;Proteobacteria;Alphaproteobacteria;Rhodobacterales;Rhodobacteraceae;Jannaschia;uncultured Thalassobacter sp.;6889,Glucuronides,0.5473748037079491,1.8499614239916975,0.10148265284219748,8,-0.1255061249532431,0.8753270225269492,Pearson's product-moment correlation,two.sided,0.26434104183446655
DOM,Bacteria;Proteobacteria;Alphaproteobacteria;Rhodobacterales;Rhodobacteraceae;Pseudophaeobacter;2713,Glucuronides,-0.28276932529465826,-0.8338224392017196,0.4285734319093315,8,-0.7745037494258653,0.4219871464027105,Pearson's product-moment correlation,two.sided,0.555893201070906
DOM,Bacteria;Proteobacteria;Alphaproteobacteria;Rhodobacterales;Rhodobacteraceae;Sulfitobacter;4056,Glucuronides,0.37282161875379966,1.1364320844800297,0.28866958872866083,8,-0.3355775945235061,0.8118707599552358,Pearson's product-moment correlation,two.sided,0.4413663254611139
DOM,Bacteria;Proteobacteria;Gammaproteobacteria;Alteromonadales;Alteromonadaceae;3399,Glucuronides,-0.4632117373928232,-1.4783234139363595,0.177578213412918,8,-0.8460788838258761,0.23493277576896915,Pearson's product-moment correlation,two.sided,0.355156426825836
DOM,Bacteria;Proteobacteria;Gammaproteobacteria;Alteromonadales;Alteromonadaceae;376,Glucuronides,0.369274263301185,1.1239022351163757,0.2936453868215946,8,-0.33922301155083706,0.8104638401634647,Pearson's product-moment correlation,two.sided,0.44443083592617394
DOM,Bacteria;Proteobacteria;Gammaproteobacteria;Alteromonadales;Alteromonadaceae;4531,Glucuronides,0.3016038851394122,0.8947291765405739,0.39705176426778555,8,-0.4049148246965761,0.7826136276157389,Pearson's product-moment correlation,two.sided,0.5273972911795647
DOM,Bacteria;Proteobacteria;Gammaproteobacteria;Alteromonadales;Alteromonadaceae;493,Glucuronides,0.5226732438560825,1.7340595771000071,0.12113278997756585,8,-0.15941462872376946,0.8669846034181636,Pearson's product-moment correlation,two.sided,0.28453290001009657
DOM,Bacteria;Proteobacteria;Gammaproteobacteria;Alteromonadales;Alteromonadaceae;Alteromonas;2666,Glucuronides,-0.8718242236267602,-5.034292153730455,0.0010087614621559844,8,-0.9693510120375528,-0.5369330967929025,Pearson's product-moment correlation,two.sided,0.02160009524444861
DOM,Bacteria;Proteobacteria;Gammaproteobacteria;Alteromonadales;Alteromonadaceae;Alteromonas;3023,Glucuronides,-0.8721522879575123,-5.042202127004335,9.988857948692673e-4,8,-0.9694335339627017,-0.5379067081180996,Pearson's product-moment correlation,two.sided,0.02160009524444861
DOM,Bacteria;Proteobacteria;Gammaproteobacteria;Alteromonadales;Alteromonadaceae;Alteromonas;592,Glucuronides,0.6087327780141446,2.1701661857211065,0.061802515183754236,8,-0.033878137179248945,0.8952376238879599,Pearson's product-moment correlation,two.sided,0.2021360459017526
DOM,Bacteria;Proteobacteria;Gammaproteobacteria;Betaproteobacteriales;Burkholderiaceae;Limnobacter;45,Glucuronides,-0.6663648893166396,-2.527761950836851,0.035378518866721664,8,-0.9129521856027829,-0.06329447205499521,Pearson's product-moment correlation,two.sided,0.1523728287824151
DOM,Bacteria;Proteobacteria;Gammaproteobacteria;Betaproteobacteriales;Methylophilaceae;OM43 clade;3485,Glucuronides,-0.9750304683598418,-12.418555497912074,1.6502388017344126e-6,8,-0.9942697625913592,-0.8946088729714957,Pearson's product-moment correlation,two.sided,4.459512316206247e-4
DOM,Bacteria;Proteobacteria;Gammaproteobacteria;Cellvibrionales;Cellvibrionaceae;Umboniibacter;uncultured bacterium;7259,Glucuronides,0.30119273769551447,0.8933877008769147,0.3977276375113419,8,-0.40529283819904066,0.7824383199226475,Pearson's product-moment correlation,two.sided,0.5273972911795647
DOM,Bacteria;Proteobacteria;Gammaproteobacteria;Oceanospirillales;Marinomonadaceae;Marinomonas;3263,Glucuronides,0.30162405694407307,0.894795006430805,0.39701861865530097,8,-0.40489627229918473,0.7826222266366484,Pearson's product-moment correlation,two.sided,0.5273972911795647
DOM,Bacteria;Proteobacteria;Gammaproteobacteria;Oceanospirillales;Marinomonadaceae;Marinomonas;6323,Glucuronides,0.4003427777537717,1.2356864357207504,0.2516277925730806,8,-0.30655596281259523,0.8226154186530028,Pearson's product-moment correlation,two.sided,0.41637989221038724
DOM,Bacteria;Proteobacteria;Gammaproteobacteria;Oceanospirillales;Nitrincolaceae;Neptuniibacter;5936,Glucuronides,-0.34973476173975354,-1.0558793802354385,0.3218637868106325,8,-0.8026219415077945,0.3589283531431214,Pearson's product-moment correlation,two.sided,0.4659259476293682
DOM,Bacteria;Proteobacteria;Gammaproteobacteria;Oceanospirillales;Oleiphilaceae;Oleiphilus;2747,Glucuronides,-0.4501392847054175,-1.4258068757250877,0.1917548336261525,8,-0.8413192707143129,0.250477125487706,Pearson's product-moment correlation,two.sided,0.36909904488442635
DOM,Bacteria;Proteobacteria;Gammaproteobacteria;Oceanospirillales;Pseudohongiellaceae;Pseudohongiella;4940,Glucuronides,-0.5657615331112116,-1.9406689321106403,0.08825508925311272,8,-0.8814125258199025,0.09920252679426832,Pearson's product-moment correlation,two.sided,0.24635481739610451
DOM,Bacteria;Bacteroidetes;Bacteroidia;Flavobacteriales;Flavobacteriaceae;2568,Halogenated.fatty.acids,-0.6951236512157417,-2.734919198273753,0.025649932479267716,8,-0.9214574082537026,-0.11647454937372112,Pearson's product-moment correlation,two.sided,0.12871114153801197
DOM,Bacteria;Bacteroidetes;Bacteroidia;Flavobacteriales;Flavobacteriaceae;Maribacter;2321,Halogenated.fatty.acids,0.02335150194475304,0.06606603662217926,0.9489464347011292,8,-0.6153217009864942,0.6435163615959876,Pearson's product-moment correlation,two.sided,0.9689945988145333
DOM,Bacteria;Bacteroidetes;Bacteroidia;Flavobacteriales;Flavobacteriaceae;Polaribacter 4;7037,Halogenated.fatty.acids,0.5061197167331752,1.6598072549638956,0.1355347177195298,8,-0.18127179222145764,0.8612838822170269,Pearson's product-moment correlation,two.sided,0.2993719554950011
DOM,Bacteria;Bacteroidetes;Bacteroidia;Flavobacteriales;Flavobacteriaceae;Winogradskyella;1626,Halogenated.fatty.acids,0.17748983104400554,0.5101163562913714,0.6237427236270183,8,-0.5090206840649273,0.7259855962074405,Pearson's product-moment correlation,two.sided,0.721617246749343
DOM,Bacteria;Bacteroidetes;Bacteroidia;Flavobacteriales;Flavobacteriaceae;Winogradskyella;7920,Halogenated.fatty.acids,-0.7242252394743358,-2.9706014755392642,0.017854738872013894,8,-0.9298486733751252,-0.17389231424698848,Pearson's product-moment correlation,two.sided,0.1089553420852162
DOM,Bacteria;Proteobacteria;Alphaproteobacteria;Caulobacterales;Hyphomonadaceae;Hyphomonas;9037,Halogenated.fatty.acids,0.9383802664358232,7.679703654800969,5.8529704331392636e-5,8,0.754583993498023,0.9856538130822144,Pearson's product-moment correlation,two.sided,0.003916987905254738
DOM,Bacteria;Proteobacteria;Alphaproteobacteria;Caulobacterales;Hyphomonadaceae;Litorimonas;uncultured marine bacterium;4616,Halogenated.fatty.acids,0.021275839156949205,0.06019078513573671,0.9534801633879324,8,-0.6166104689523669,0.6422980257345674,Pearson's product-moment correlation,two.sided,0.970207885552633
DOM,Bacteria;Proteobacteria;Alphaproteobacteria;Rhodobacterales;Rhodobacteraceae;1503,Halogenated.fatty.acids,0.5552056018219484,1.8881012178864889,0.09570519168330949,8,-0.11441805115447254,0.8779315658336624,Pearson's product-moment correlation,two.sided,0.2553944568020382
DOM,Bacteria;Proteobacteria;Alphaproteobacteria;Rhodobacterales;Rhodobacteraceae;3349,Halogenated.fatty.acids,0.14450090934774734,0.41304533968688545,0.6904222231760417,8,-0.5336804806232653,0.7095694637985821,Pearson's product-moment correlation,two.sided,0.7800874469651381
DOM,Bacteria;Proteobacteria;Alphaproteobacteria;Rhodobacterales;Rhodobacteraceae;6355,Halogenated.fatty.acids,-0.36088875460797987,-1.0945076483604554,0.3055881209175318,8,-0.8071176952049458,0.34775654447989623,Pearson's product-moment correlation,two.sided,0.45504874528896383
DOM,Bacteria;Proteobacteria;Alphaproteobacteria;Rhodobacterales;Rhodobacteraceae;8714,Halogenated.fatty.acids,0.7453857373842212,3.162561624343347,0.01334335195737063,8,0.21813188637131822,0.9358187585318593,Pearson's product-moment correlation,two.sided,0.09437980652774348
DOM,Bacteria;Proteobacteria;Alphaproteobacteria;Rhodobacterales;Rhodobacteraceae;Jannaschia;uncultured Thalassobacter sp.;6889,Halogenated.fatty.acids,-0.8705112765423705,-5.002916502920647,0.001048997594739138,8,-0.9690205304115898,-0.5330455133311645,Pearson's product-moment correlation,two.sided,0.02160009524444861
DOM,Bacteria;Proteobacteria;Alphaproteobacteria;Rhodobacterales;Rhodobacteraceae;Pseudophaeobacter;2713,Halogenated.fatty.acids,0.5853347966465253,2.0419262088291497,0.0754479351380608,8,-0.0701416666551628,0.887777602013281,Pearson's product-moment correlation,two.sided,0.22171363656113308
DOM,Bacteria;Proteobacteria;Alphaproteobacteria;Rhodobacterales;Rhodobacteraceae;Sulfitobacter;4056,Halogenated.fatty.acids,-0.35452508187873805,-1.0724047977697588,0.31481960746314297,8,-0.8045590632816357,0.3541551301597116,Pearson's product-moment correlation,two.sided,0.4587823425342285
DOM,Bacteria;Proteobacteria;Gammaproteobacteria;Alteromonadales;Alteromonadaceae;3399,Halogenated.fatty.acids,0.2450780087388105,0.714990081010461,0.4949484024107056,8,-0.45471411761256536,0.7577740452171787,Pearson's product-moment correlation,two.sided,0.5997285655951446
DOM,Bacteria;Proteobacteria;Gammaproteobacteria;Alteromonadales;Alteromonadaceae;376,Halogenated.fatty.acids,-0.35953890076528344,-1.0898047143312664,0.3075342015116005,8,-0.8065763586448814,0.3491193424073064,Pearson's product-moment correlation,two.sided,0.45614014103655925
DOM,Bacteria;Proteobacteria;Gammaproteobacteria;Alteromonadales;Alteromonadaceae;4531,Halogenated.fatty.acids,-0.710378084593995,-2.8547808579514196,0.021321764285662754,8,-0.9258824280843145,-0.1460969774769176,Pearson's product-moment correlation,two.sided,0.11663590099721007
DOM,Bacteria;Proteobacteria;Gammaproteobacteria;Alteromonadales;Alteromonadaceae;493,Halogenated.fatty.acids,-0.5562446073404351,-1.8932155175607641,0.09495474481568618,8,-0.8782757123693474,0.11293421943715409,Pearson's product-moment correlation,two.sided,0.2553944568020382
DOM,Bacteria;Proteobacteria;Gammaproteobacteria;Alteromonadales;Alteromonadaceae;Alteromonas;2666,Halogenated.fatty.acids,0.49726609492246215,1.6211203565982781,0.14365007331916632,8,-0.1926898058744767,0.8581977172569778,Pearson's product-moment correlation,two.sided,0.3085816389819129
DOM,Bacteria;Proteobacteria;Gammaproteobacteria;Alteromonadales;Alteromonadaceae;Alteromonas;3023,Halogenated.fatty.acids,0.4894525780344975,1.5875383666132423,0.15105277461511885,8,-0.20261360642074144,0.8554522598791858,Pearson's product-moment correlation,two.sided,0.31897066484260533
DOM,Bacteria;Proteobacteria;Gammaproteobacteria;Alteromonadales;Alteromonadaceae;Alteromonas;592,Halogenated.fatty.acids,-0.5594119014348645,-1.9088855578890966,0.09269025995182771,8,-0.879322750542646,0.10839242842470995,Pearson's product-moment correlation,two.sided,0.25358656024556636
DOM,Bacteria;Proteobacteria;Gammaproteobacteria;Betaproteobacteriales;Burkholderiaceae;Limnobacter;45,Halogenated.fatty.acids,0.8610332781300294,4.788863457115243,0.0013749801371997431,8,0.5053979778529172,0.9666243146242298,Pearson's product-moment correlation,two.sided,0.023603614848761532
DOM,Bacteria;Proteobacteria;Gammaproteobacteria;Betaproteobacteriales;Methylophilaceae;OM43 clade;3485,Halogenated.fatty.acids,0.8208319870991339,4.0647523427725085,0.0036095764669098578,8,0.3957213889546475,0.9562510823835638,Pearson's product-moment correlation,two.sided,0.03738489912156639
DOM,Bacteria;Proteobacteria;Gammaproteobacteria;Cellvibrionales;Cellvibrionaceae;Umboniibacter;uncultured bacterium;7259,Halogenated.fatty.acids,-0.7017550381429476,-2.7860919935920196,0.02370074872925389,8,-0.9233882904798592,-0.1292267106228756,Pearson's product-moment correlation,two.sided,0.12200977156479814
DOM,Bacteria;Proteobacteria;Gammaproteobacteria;Oceanospirillales;Marinomonadaceae;Marinomonas;3263,Halogenated.fatty.acids,-0.7118418781717372,-2.866693568168862,0.020934987198106027,8,-0.926303960299024,-0.1489937272249594,Pearson's product-moment correlation,two.sided,0.11663590099721007
DOM,Bacteria;Proteobacteria;Gammaproteobacteria;Oceanospirillales;Marinomonadaceae;Marinomonas;6323,Halogenated.fatty.acids,-0.1275863257859865,-0.36384213550950206,0.7254038965433305,8,-0.7009075284648897,0.5458924462582343,Pearson's product-moment correlation,two.sided,0.8071981153747206
DOM,Bacteria;Proteobacteria;Gammaproteobacteria;Oceanospirillales;Nitrincolaceae;Neptuniibacter;5936,Halogenated.fatty.acids,0.6348314997357087,2.3239153733068165,0.04862133568891722,8,0.008671092205086446,0.9033734586959065,Pearson's product-moment correlation,two.sided,0.17848338417450624
DOM,Bacteria;Proteobacteria;Gammaproteobacteria;Oceanospirillales;Oleiphilaceae;Oleiphilus;2747,Halogenated.fatty.acids,0.842516988940224,4.423856745106512,0.0022150706496384433,8,0.45341314955733947,0.9618891367641803,Pearson's product-moment correlation,two.sided,0.029198658563415844
DOM,Bacteria;Proteobacteria;Gammaproteobacteria;Oceanospirillales;Pseudohongiellaceae;Pseudohongiella;4940,Halogenated.fatty.acids,0.8289749841090228,4.192303504519651,0.003028204757772727,8,0.41699899667394313,0.9583801052899775,Pearson's product-moment correlation,two.sided,0.03512717519016363
DOM,Bacteria;Bacteroidetes;Bacteroidia;Flavobacteriales;Flavobacteriaceae;2568,Hydroxamic.acids,-0.6424068030492168,-2.3709376506362427,0.045180245694031645,8,-0.9056992823782558,-0.02146094423638651,Pearson's product-moment correlation,two.sided,0.17045051009577095
DOM,Bacteria;Bacteroidetes;Bacteroidia;Flavobacteriales;Flavobacteriaceae;Maribacter;2321,Hydroxamic.acids,0.41717465207184334,1.298320762135155,0.2303524114724007,8,-0.2881341567218195,0.829041488759989,Pearson's product-moment correlation,two.sided,0.40001316962273176
DOM,Bacteria;Bacteroidetes;Bacteroidia;Flavobacteriales;Flavobacteriaceae;Polaribacter 4;7037,Hydroxamic.acids,0.8056659291947492,3.8468638501007026,0.004899263229817467,8,0.3572729040567185,0.952247240120958,Pearson's product-moment correlation,two.sided,0.044467573742663684
DOM,Bacteria;Bacteroidetes;Bacteroidia;Flavobacteriales;Flavobacteriaceae;Winogradskyella;1626,Hydroxamic.acids,0.5612249712277608,1.9179102652401347,0.09140964814120763,8,-0.10577994087255041,0.8799207230400693,Pearson's product-moment correlation,two.sided,0.2516658034267425
DOM,Bacteria;Bacteroidetes;Bacteroidia;Flavobacteriales;Flavobacteriaceae;Winogradskyella;7920,Hydroxamic.acids,-0.6769503087473816,-2.6013993181943054,0.031549127776770505,8,-0.9161078728560366,-0.08247844122720584,Pearson's product-moment correlation,two.sided,0.14599862322228904
DOM,Bacteria;Proteobacteria;Alphaproteobacteria;Caulobacterales;Hyphomonadaceae;Hyphomonas;9037,Hydroxamic.acids,0.8647182039999253,4.869600236830513,0.0012406006832979138,8,0.5160609254317929,0.9675581331760195,Pearson's product-moment correlation,two.sided,0.023096990623517357
DOM,Bacteria;Proteobacteria;Alphaproteobacteria;Caulobacterales;Hyphomonadaceae;Litorimonas;uncultured marine bacterium;4616,Hydroxamic.acids,0.4143063367628292,1.2875365399581529,0.23390334954939704,8,-0.2913107521906942,0.8279540595965871,Pearson's product-moment correlation,two.sided,0.40296220615440675
DOM,Bacteria;Proteobacteria;Alphaproteobacteria;Rhodobacterales;Rhodobacteraceae;1503,Hydroxamic.acids,0.47057481895958914,1.508439227433558,0.16987544980485617,8,-0.22601730992614488,0.8487331343050515,Pearson's product-moment correlation,two.sided,0.34530757320146
DOM,Bacteria;Proteobacteria;Alphaproteobacteria;Rhodobacterales;Rhodobacteraceae;3349,Hydroxamic.acids,0.503082984863389,1.6464600951243102,0.13828567469103173,8,-0.18520908591420027,0.8602282929362461,Pearson's product-moment correlation,two.sided,0.3036508797064019
DOM,Bacteria;Proteobacteria;Alphaproteobacteria;Rhodobacterales;Rhodobacteraceae;6355,Hydroxamic.acids,-0.5125070804876629,-1.6881537541561782,0.12985897121752865,8,-0.8634942142570726,0.17291766425019722,Pearson's product-moment correlation,two.sided,0.2958219471297212
DOM,Bacteria;Proteobacteria;Alphaproteobacteria;Rhodobacterales;Rhodobacteraceae;8714,Hydroxamic.acids,0.825589281566164,4.138289940613997,0.003261043768342893,8,0.4080969891900636,0.9574966428586937,Pearson's product-moment correlation,two.sided,0.035544080581242476
DOM,Bacteria;Proteobacteria;Alphaproteobacteria;Rhodobacterales;Rhodobacteraceae;Jannaschia;uncultured Thalassobacter sp.;6889,Hydroxamic.acids,-0.9687653566735546,-11.049645335677617,4.01007390216782e-6,8,-0.9928144243675414,-0.8694984732523322,Pearson's product-moment correlation,two.sided,5.211395135212415e-4
DOM,Bacteria;Proteobacteria;Alphaproteobacteria;Rhodobacterales;Rhodobacteraceae;Pseudophaeobacter;2713,Hydroxamic.acids,0.49613994419088414,1.6162484178634968,0.14470306398317728,8,-0.1941288669828416,0.8578032880384917,Pearson's product-moment correlation,two.sided,0.309606245077224
DOM,Bacteria;Proteobacteria;Alphaproteobacteria;Rhodobacterales;Rhodobacteraceae;Sulfitobacter;4056,Hydroxamic.acids,-0.5080662241986293,-1.6684061815138476,0.1337892190730034,8,-0.8619588934289079,0.1787363928189016,Pearson's product-moment correlation,two.sided,0.2983815740320029
DOM,Bacteria;Proteobacteria;Gammaproteobacteria;Alteromonadales;Alteromonadaceae;3399,Hydroxamic.acids,0.061963165763968514,0.17559571704256535,0.8649747909927525,8,-0.5907088357919161,0.6656211625263363,Pearson's product-moment correlation,two.sided,0.9110509299802598
DOM,Bacteria;Proteobacteria;Gammaproteobacteria;Alteromonadales;Alteromonadaceae;376,Hydroxamic.acids,-0.5117767636174246,-1.6848936809372628,0.13050035443269392,8,-0.8632421706310474,0.1738778762619799,Pearson's product-moment correlation,two.sided,0.29643683643980084
DOM,Bacteria;Proteobacteria;Gammaproteobacteria;Alteromonadales;Alteromonadaceae;4531,Hydroxamic.acids,-0.6599805462765229,-2.4846930544864745,0.03783387800044396,8,-0.911034542088332,-0.05193563891481342,Pearson's product-moment correlation,two.sided,0.156740351716125
DOM,Bacteria;Proteobacteria;Gammaproteobacteria;Alteromonadales;Alteromonadaceae;493,Hydroxamic.acids,-0.22232198997365069,-0.6449628393321515,0.5370039981134229,8,-0.7473363223242626,0.473598523818219,Pearson's product-moment correlation,two.sided,0.6411072724237044
DOM,Bacteria;Proteobacteria;Gammaproteobacteria;Alteromonadales;Alteromonadaceae;Alteromonas;2666,Hydroxamic.acids,0.29247752934644605,0.8650792191426334,0.41218356896797403,8,-0.413249260781168,0.7787042408749594,Pearson's product-moment correlation,two.sided,0.5416913972841955
DOM,Bacteria;Proteobacteria;Gammaproteobacteria;Alteromonadales;Alteromonadaceae;Alteromonas;3023,Hydroxamic.acids,0.29490825140411014,0.8729504682724629,0.4081270152198996,8,-0.4110409513264204,0.7797491727018846,Pearson's product-moment correlation,two.sided,0.5379856109716857
DOM,Bacteria;Proteobacteria;Gammaproteobacteria;Alteromonadales;Alteromonadaceae;Alteromonas;592,Hydroxamic.acids,-0.19519112809986358,-0.5629113553705889,0.5889186831426994,8,-0.734543849372481,0.4953071691921886,Pearson's product-moment correlation,two.sided,0.6900129984631553
DOM,Bacteria;Proteobacteria;Gammaproteobacteria;Betaproteobacteriales;Burkholderiaceae;Limnobacter;45,Hydroxamic.acids,0.7409663077614395,3.1208302221579154,0.014210839715819365,8,0.20870976571908875,0.9345808512249332,Pearson's product-moment correlation,two.sided,0.09812246470446705
DOM,Bacteria;Proteobacteria;Gammaproteobacteria;Betaproteobacteriales;Methylophilaceae;OM43 clade;3485,Hydroxamic.acids,0.5836965975355595,2.0332518831248643,0.07647044786808088,8,-0.07261736281899499,0.8872492712246461,Pearson's product-moment correlation,two.sided,0.2223039523838257
DOM,Bacteria;Proteobacteria;Gammaproteobacteria;Cellvibrionales;Cellvibrionaceae;Umboniibacter;uncultured bacterium;7259,Hydroxamic.acids,-0.649954129715266,-2.418963339966726,0.04191783383061026,8,-0.9080008598234125,-0.03440893727935202,Pearson's product-moment correlation,two.sided,0.16501590693498155
DOM,Bacteria;Proteobacteria;Gammaproteobacteria;Oceanospirillales;Marinomonadaceae;Marinomonas;3263,Hydroxamic.acids,-0.6617133353726413,-2.4962862747319887,0.037156437693391164,8,-0.9115560901075419,-0.05500308817836551,Pearson's product-moment correlation,two.sided,0.15541394612139572
DOM,Bacteria;Proteobacteria;Gammaproteobacteria;Oceanospirillales;Marinomonadaceae;Marinomonas;6323,Hydroxamic.acids,0.09055246664778971,0.2571776192230895,0.803532739010505,8,-0.5716669774536566,0.681333095725195,Pearson's product-moment correlation,two.sided,0.8685893634442858
DOM,Bacteria;Proteobacteria;Gammaproteobacteria;Oceanospirillales;Nitrincolaceae;Neptuniibacter;5936,Hydroxamic.acids,0.5223185530824446,1.7324411428685171,0.12143091448282202,8,-0.1598900772025876,0.8668633921415229,Pearson's product-moment correlation,two.sided,0.28453290001009657
DOM,Bacteria;Proteobacteria;Gammaproteobacteria;Oceanospirillales;Oleiphilaceae;Oleiphilus;2747,Hydroxamic.acids,0.8246223506741759,4.123124774937184,0.003329835484056313,8,0.40556913491087554,0.9572438775596006,Pearson's product-moment correlation,two.sided,0.035544080581242476
DOM,Bacteria;Proteobacteria;Gammaproteobacteria;Oceanospirillales;Pseudohongiellaceae;Pseudohongiella;4940,Hydroxamic.acids,0.7245192904816298,2.9731397396630057,0.017785677907979577,8,0.17449222536061554,0.9299323835174618,Pearson's product-moment correlation,two.sided,0.1089553420852162
DOM,Bacteria;Bacteroidetes;Bacteroidia;Flavobacteriales;Flavobacteriaceae;2568,Leucine.and.derivatives,-0.7047832329020077,-2.80992976239916,0.022845533153680344,8,-0.9242663053085829,-0.1351136009959442,Pearson's product-moment correlation,two.sided,0.11973261351627651
DOM,Bacteria;Bacteroidetes;Bacteroidia;Flavobacteriales;Flavobacteriaceae;Maribacter;2321,Leucine.and.derivatives,0.37877066272675197,1.1575755146070161,0.2804275373303362,8,-0.32941609648517334,0.8142188245240406,Pearson's product-moment correlation,two.sided,0.4411744468988202
DOM,Bacteria;Bacteroidetes;Bacteroidia;Flavobacteriales;Flavobacteriaceae;Polaribacter 4;7037,Leucine.and.derivatives,0.801044739788465,3.7849644322515332,0.005350114525841952,8,0.34585190221568807,0.9510171416417436,Pearson's product-moment correlation,two.sided,0.046545996374824976
DOM,Bacteria;Bacteroidetes;Bacteroidia;Flavobacteriales;Flavobacteriaceae;Winogradskyella;1626,Leucine.and.derivatives,0.5483829476448036,1.8548319977614236,0.10072678471303187,8,-0.12408800236579745,0.875663404468732,Pearson's product-moment correlation,two.sided,0.26316006816918236
DOM,Bacteria;Bacteroidetes;Bacteroidia;Flavobacteriales;Flavobacteriaceae;Winogradskyella;7920,Leucine.and.derivatives,-0.7398191547343446,-3.110146531544531,0.014442292794734465,8,-0.9342587588434214,-0.20628010873977812,Pearson's product-moment correlation,two.sided,0.09893539158597625
DOM,Bacteria;Proteobacteria;Alphaproteobacteria;Caulobacterales;Hyphomonadaceae;Hyphomonas;9037,Leucine.and.derivatives,0.8524162164682304,4.6111376794877605,0.0017300938373335224,8,0.4808799488794819,0.9644296079847023,Pearson's product-moment correlation,two.sided,0.02652652131878785
DOM,Bacteria;Proteobacteria;Alphaproteobacteria;Caulobacterales;Hyphomonadaceae;Litorimonas;uncultured marine bacterium;4616,Leucine.and.derivatives,0.3756094806571248,1.1463198395967071,0.2847911417884318,8,-0.33269769879067745,0.8129728894577869,Pearson's product-moment correlation,two.sided,0.4413663254611139
DOM,Bacteria;Proteobacteria;Alphaproteobacteria;Rhodobacterales;Rhodobacteraceae;1503,Leucine.and.derivatives,0.565626542485269,1.9399880144856416,0.08834793451446507,8,-0.09939908774479789,0.8813682262237411,Pearson's product-moment correlation,two.sided,0.24635481739610451
DOM,Bacteria;Proteobacteria;Alphaproteobacteria;Rhodobacterales;Rhodobacteraceae;3349,Leucine.and.derivatives,0.43391827572311326,1.3622322839294696,0.21023824329952073,8,-0.2692759175659745,0.8353277290170388,Pearson's product-moment correlation,two.sided,0.37929757900733246
DOM,Bacteria;Proteobacteria;Alphaproteobacteria;Rhodobacterales;Rhodobacteraceae;6355,Leucine.and.derivatives,-0.38442270255817357,-1.1778184891152699,0.2727165274303812,8,-0.8164365433405874,0.32350579605586766,Pearson's product-moment correlation,two.sided,0.43523668537485666
DOM,Bacteria;Proteobacteria;Alphaproteobacteria;Rhodobacterales;Rhodobacteraceae;8714,Leucine.and.derivatives,0.8729887721477798,5.062499663829388,9.740239285706314e-4,8,0.5403932218717679,0.9696438452281372,Pearson's product-moment correlation,two.sided,0.02160009524444861
DOM,Bacteria;Proteobacteria;Alphaproteobacteria;Rhodobacterales;Rhodobacteraceae;Jannaschia;uncultured Thalassobacter sp.;6889,Leucine.and.derivatives,-0.9012904407316705,-5.884450577431876,3.6814673291013056e-4,8,-0.9766762484485921,-0.6280905671453026,Pearson's product-moment correlation,two.sided,0.01601438288159068
DOM,Bacteria;Proteobacteria;Alphaproteobacteria;Rhodobacterales;Rhodobacteraceae;Pseudophaeobacter;2713,Leucine.and.derivatives,0.5906729896218849,2.0704581199747385,0.07217768009885078,8,-0.06201801030894728,0.8894936947822732,Pearson's product-moment correlation,two.sided,0.21728228957093487
DOM,Bacteria;Proteobacteria;Alphaproteobacteria;Rhodobacterales;Rhodobacteraceae;Sulfitobacter;4056,Leucine.and.derivatives,-0.3744363860590622,-1.1421548190126776,0.2864196993201387,8,-0.8125095098164651,0.3339111321050415,Pearson's product-moment correlation,two.sided,0.4413663254611139
DOM,Bacteria;Proteobacteria;Gammaproteobacteria;Alteromonadales;Alteromonadaceae;3399,Leucine.and.derivatives,0.014399008751841339,0.04073076952686145,0.9685086980342038,8,-0.6208559685003,0.6382390374668085,Pearson's product-moment correlation,two.sided,0.9786324823342128
DOM,Bacteria;Proteobacteria;Gammaproteobacteria;Alteromonadales;Alteromonadaceae;376,Leucine.and.derivatives,-0.3821566987726623,-1.1696842915683465,0.27579398110231945,8,-0.8155489481447398,0.3258819935241815,Pearson's product-moment correlation,two.sided,0.43705057114575213
DOM,Bacteria;Proteobacteria;Gammaproteobacteria;Alteromonadales;Alteromonadaceae;4531,Leucine.and.derivatives,-0.722762811057816,-2.958028162188123,0.0182009708995666,8,-0.9294320343118386,-0.17091478137961413,Pearson's product-moment correlation,two.sided,0.10996419918488154
DOM,Bacteria;Proteobacteria;Gammaproteobacteria;Alteromonadales;Alteromonadaceae;493,Leucine.and.derivatives,-0.32410543876754955,-0.9690151159992252,0.3609172815169366,8,-0.7920930306224414,0.3838516712800308,Pearson's product-moment correlation,two.sided,0.49836390534424674
DOM,Bacteria;Proteobacteria;Gammaproteobacteria;Alteromonadales;Alteromonadaceae;Alteromonas;2666,Leucine.and.derivatives,0.1594241803723698,0.45676157648364546,0.6599888665459157,8,-0.522666120524971,0.7170724303851753,Pearson's product-moment correlation,two.sided,0.7509147006086628
DOM,Bacteria;Proteobacteria;Gammaproteobacteria;Alteromonadales;Alteromonadaceae;Alteromonas;3023,Leucine.and.derivatives,0.16519928717290364,0.47376355814306526,0.648328292579204,8,-0.5183417127560658,0.7199417036592766,Pearson's product-moment correlation,two.sided,0.7402173419211384
DOM,Bacteria;Proteobacteria;Gammaproteobacteria;Alteromonadales;Alteromonadaceae;Alteromonas;592,Leucine.and.derivatives,-0.2768601692576902,-0.8149344215326547,0.4386949302217156,8,-0.7719256000827921,0.42724235343227024,Pearson's product-moment correlation,two.sided,0.5588061336645571
DOM,Bacteria;Proteobacteria;Gammaproteobacteria;Betaproteobacteriales;Burkholderiaceae;Limnobacter;45,Leucine.and.derivatives,0.7626121672712288,3.334579791751592,0.010313921994125603,8,0.25582109919259854,0.9405995503147321,Pearson's product-moment correlation,two.sided,0.07871150995516908
DOM,Bacteria;Proteobacteria;Gammaproteobacteria;Betaproteobacteriales;Methylophilaceae;OM43 clade;3485,Leucine.and.derivatives,0.5253481128255878,1.7463049277316867,0.11889918286191763,8,-0.15581885638372395,0.8678973972465988,Pearson's product-moment correlation,two.sided,0.28453290001009657
DOM,Bacteria;Proteobacteria;Gammaproteobacteria;Cellvibrionales;Cellvibrionaceae;Umboniibacter;uncultured bacterium;7259,Leucine.and.derivatives,-0.712532555694237,-2.8723407093443987,0.02075418333737902,8,-0.9265026701450877,-0.15036389460877037,Pearson's product-moment correlation,two.sided,0.11663590099721007
DOM,Bacteria;Proteobacteria;Gammaproteobacteria;Oceanospirillales;Marinomonadaceae;Marinomonas;3263,Leucine.and.derivatives,-0.7245216787353534,-2.9731603691750386,0.017785117761606024,8,-0.9299330633159636,-0.1744970994526884,Pearson's product-moment correlation,two.sided,0.1089553420852162
DOM,Bacteria;Proteobacteria;Gammaproteobacteria;Oceanospirillales;Marinomonadaceae;Marinomonas;6323,Leucine.and.derivatives,0.07000723215848839,0.19849737087023614,0.8476075202533397,8,-0.5854236007005248,0.6700967438611983,Pearson's product-moment correlation,two.sided,0.8960128099883421
DOM,Bacteria;Proteobacteria;Gammaproteobacteria;Oceanospirillales;Nitrincolaceae;Neptuniibacter;5936,Leucine.and.derivatives,0.6058184670923731,2.153729418109873,0.06340583644625726,8,-0.038489077938654276,0.8943171234613556,Pearson's product-moment correlation,two.sided,0.20583237950837244
DOM,Bacteria;Proteobacteria;Gammaproteobacteria;Oceanospirillales;Oleiphilaceae;Oleiphilus;2747,Leucine.and.derivatives,0.8522408629897381,4.607670809266641,0.0017379445001964454,8,0.4803869779104695,0.9643847857507899,Pearson's product-moment correlation,two.sided,0.02652652131878785
DOM,Bacteria;Proteobacteria;Gammaproteobacteria;Oceanospirillales;Pseudohongiellaceae;Pseudohongiella;4940,Leucine.and.derivatives,0.7637740364040885,3.3467602118262865,0.010128914395851963,8,0.2584198145548079,0.9409194789140516,Pearson's product-moment correlation,two.sided,0.07798367720700185
DOM,Bacteria;Bacteroidetes;Bacteroidia;Flavobacteriales;Flavobacteriaceae;2568,Macrolactams,-0.3994368956832906,-1.2323588481199947,0.2528026745125373,8,-0.8222664848605934,0.3075326210361296,Pearson's product-moment correlation,two.sided,0.41637989221038724
DOM,Bacteria;Bacteroidetes;Bacteroidia;Flavobacteriales;Flavobacteriaceae;Maribacter;2321,Macrolactams,0.5254050250882033,1.7465662410096323,0.11885194038600903,8,-0.15574215373735195,0.8679167933445289,Pearson's product-moment correlation,two.sided,0.28453290001009657
DOM,Bacteria;Bacteroidetes;Bacteroidia;Flavobacteriales;Flavobacteriaceae;Polaribacter 4;7037,Macrolactams,0.8249705172807706,4.128572263163934,0.0033049464764511624,8,0.4064786114509163,0.9573349150909345,Pearson's product-moment correlation,two.sided,0.035544080581242476
DOM,Bacteria;Bacteroidetes;Bacteroidia;Flavobacteriales;Flavobacteriaceae;Winogradskyella;1626,Macrolactams,0.7128690304149841,2.875097943329099,0.020666493682822907,8,0.1510321770343614,0.9265994316480776,Pearson's product-moment correlation,two.sided,0.11663590099721007
DOM,Bacteria;Bacteroidetes;Bacteroidia;Flavobacteriales;Flavobacteriaceae;Winogradskyella;7920,Macrolactams,-0.4307637325184882,-1.3500625249460765,0.21394749481705588,8,-0.8341513559605931,0.2728705723121012,Pearson's product-moment correlation,two.sided,0.381528572887109
DOM,Bacteria;Proteobacteria;Alphaproteobacteria;Caulobacterales;Hyphomonadaceae;Hyphomonas;9037,Macrolactams,0.4403710709356229,1.3873195344246187,0.20276709346097513,8,-0.2618613065856277,0.837722669944568,Pearson's product-moment correlation,two.sided,0.3767186684823189
DOM,Bacteria;Proteobacteria;Alphaproteobacteria;Caulobacterales;Hyphomonadaceae;Litorimonas;uncultured marine bacterium;4616,Macrolactams,0.5217894988068563,1.7300293946399514,0.12187644241659736,8,-0.16059866514922216,0.8666825185260374,Pearson's product-moment correlation,two.sided,0.28453290001009657
DOM,Bacteria;Proteobacteria;Alphaproteobacteria;Rhodobacterales;Rhodobacteraceae;1503,Macrolactams,0.6149832843730415,2.2058932754204994,0.05845421114206291,8,-0.023895637420929143,0.8972036668252328,Pearson's product-moment correlation,two.sided,0.19865298317810443
DOM,Bacteria;Proteobacteria;Alphaproteobacteria;Rhodobacterales;Rhodobacteraceae;3349,Macrolactams,0.4174674519877266,1.2994242551913124,0.2299916570168537,8,-0.2878090117884377,0.8291523194456236,Pearson's product-moment correlation,two.sided,0.40001316962273176
DOM,Bacteria;Proteobacteria;Alphaproteobacteria;Rhodobacterales;Rhodobacteraceae;6355,Macrolactams,-0.18697537827210567,-0.5383400739437343,0.6049927825551784,8,-0.7305929092022828,0.5017151447107254,Pearson's product-moment correlation,two.sided,0.7035348945731934
DOM,Bacteria;Proteobacteria;Alphaproteobacteria;Rhodobacterales;Rhodobacteraceae;8714,Macrolactams,0.8147884668072609,3.9750523063486183,0.00408990722365108,8,0.3802193497502929,0.9546616487394174,Pearson's product-moment correlation,two.sided,0.0408990722365108
DOM,Bacteria;Proteobacteria;Alphaproteobacteria;Rhodobacterales;Rhodobacteraceae;Jannaschia;uncultured Thalassobacter sp.;6889,Macrolactams,-0.4903344919008072,-1.5913032125830218,0.1502058934927595,8,-0.855763173815543,0.20150057595710696,Pearson's product-moment correlation,two.sided,0.31795408111606027
DOM,Bacteria;Proteobacteria;Alphaproteobacteria;Rhodobacterales;Rhodobacteraceae;Pseudophaeobacter;2713,Macrolactams,0.6094576514400842,2.1742760573406232,0.06140790475895953,8,-0.03272699868918694,0.8954661998427231,Pearson's product-moment correlation,two.sided,0.20160330996337658
DOM,Bacteria;Proteobacteria;Alphaproteobacteria;Rhodobacterales;Rhodobacteraceae;Sulfitobacter;4056,Macrolactams,-0.17333534651251556,-0.4978016884301245,0.6320172783793117,8,-0.7239520582036882,0.5121895220373205,Pearson's product-moment correlation,two.sided,0.7282848108476836
DOM,Bacteria;Proteobacteria;Gammaproteobacteria;Alteromonadales;Alteromonadaceae;3399,Macrolactams,-0.5009669209348573,-1.637207840915694,0.14022268199646595,8,-0.8594909201141688,0.18793967944782514,Pearson's product-moment correlation,two.sided,0.3057487051050761
DOM,Bacteria;Proteobacteria;Gammaproteobacteria;Alteromonadales;Alteromonadaceae;376,Macrolactams,-0.18360575450051395,-0.5282965574039422,0.6116303828890698,8,-0.7289618674276002,0.5043216473003441,Pearson's product-moment correlation,two.sided,0.7085465154640357
DOM,Bacteria;Proteobacteria;Gammaproteobacteria;Alteromonadales;Alteromonadaceae;4531,Macrolactams,-0.41483965320411276,-1.2895381654879303,0.2332407862549569,8,-0.8281564850034564,0.290721291410634,Pearson's product-moment correlation,two.sided,0.40261802389248513
DOM,Bacteria;Proteobacteria;Gammaproteobacteria;Alteromonadales;Alteromonadaceae;493,Macrolactams,-0.015311107971903215,-0.04331143014509547,0.9665148019834274,8,-0.6387793984850436,0.6202950076574058,Pearson's product-moment correlation,two.sided,0.9777533461925371
DOM,Bacteria;Proteobacteria;Gammaproteobacteria;Alteromonadales;Alteromonadaceae;Alteromonas;2666,Macrolactams,-0.5451386259067199,-1.8391988829525285,0.10317204457795684,8,-0.8745797544835067,0.1286418985034327,Pearson's product-moment correlation,two.sided,0.26634919520125355
DOM,Bacteria;Proteobacteria;Gammaproteobacteria;Alteromonadales;Alteromonadaceae;Alteromonas;3023,Macrolactams,-0.5382702168965348,-1.806488011340033,0.10847172107818555,8,-0.8722746974609146,0.13818989409290156,Pearson's product-moment correlation,two.sided,0.2735373835884679
DOM,Bacteria;Proteobacteria;Gammaproteobacteria;Alteromonadales;Alteromonadaceae;Alteromonas;592,Macrolactams,0.09222354230109041,0.2619639730613369,0.7999680897478465,8,-0.570531446894252,0.6822349378952369,Pearson's product-moment correlation,two.sided,0.8685893634442858
DOM,Bacteria;Proteobacteria;Gammaproteobacteria;Betaproteobacteriales;Burkholderiaceae;Limnobacter;45,Macrolactams,0.4397192507616543,1.3847734125806443,0.20351468297320677,8,-0.26261406618407634,0.8374814403180758,Pearson's product-moment correlation,two.sided,0.3767186684823189
DOM,Bacteria;Proteobacteria;Gammaproteobacteria;Betaproteobacteriales;Methylophilaceae;OM43 clade;3485,Macrolactams,-0.10418164326877505,-0.29628247004505004,0.7745601440403244,8,-0.6886364871596083,0.5623310446307679,Pearson's product-moment correlation,two.sided,0.846566991601862
DOM,Bacteria;Proteobacteria;Gammaproteobacteria;Cellvibrionales;Cellvibrionaceae;Umboniibacter;uncultured bacterium;7259,Macrolactams,-0.40595651691217244,-1.256404399934143,0.2444149290337324,8,-0.8247706874169705,0.3004702496747712,Pearson's product-moment correlation,two.sided,0.41369842073802954
DOM,Bacteria;Proteobacteria;Gammaproteobacteria;Oceanospirillales;Marinomonadaceae;Marinomonas;3263,Macrolactams,-0.4164063446692369,-1.2954275202019752,0.231300554261511,8,-0.8287505149430017,0.28898656493565267,Pearson's product-moment correlation,two.sided,0.40085952630979
DOM,Bacteria;Proteobacteria;Gammaproteobacteria;Oceanospirillales;Marinomonadaceae;Marinomonas;6323,Macrolactams,0.1050371633290821,0.29874251665460494,0.7727494629019975,8,-0.5617392936958717,0.6890910083382855,Pearson's product-moment correlation,two.sided,0.8463668591476464
DOM,Bacteria;Proteobacteria;Gammaproteobacteria;Oceanospirillales;Nitrincolaceae;Neptuniibacter;5936,Macrolactams,0.5727156262261334,1.9760613328191377,0.08355644007088721,8,-0.08900592931625254,0.8836871497359398,Pearson's product-moment correlation,two.sided,0.23601981448594767
DOM,Bacteria;Proteobacteria;Gammaproteobacteria;Oceanospirillales;Oleiphilaceae;Oleiphilus;2747,Macrolactams,0.6562211507966199,2.4597811984852482,0.03933217715635621,8,0.04531983029445796,0.9099002418449235,Pearson's product-moment correlation,two.sided,0.15798116850394606
DOM,Bacteria;Proteobacteria;Gammaproteobacteria;Oceanospirillales;Pseudohongiellaceae;Pseudohongiella;4940,Macrolactams,0.527580260293037,1.7565782235463459,0.11705506067394762,8,-0.15280434360479891,0.8686573466535379,Pearson's product-moment correlation,two.sided,0.28453290001009657
DOM,Bacteria;Bacteroidetes;Bacteroidia;Flavobacteriales;Flavobacteriaceae;2568,Macrolide.lactams,-0.46510265146949015,-1.4860196735774494,0.17558067456110188,8,-0.8467623388541138,0.2326543489559452,Pearson's product-moment correlation,two.sided,0.35278334149690216
DOM,Bacteria;Bacteroidetes;Bacteroidia;Flavobacteriales;Flavobacteriaceae;Maribacter;2321,Macrolide.lactams,0.384721701233494,1.1788936543002393,0.2723118625889162,8,-0.3231915891212093,0.8165535090592307,Pearson's product-moment correlation,two.sided,0.43523668537485666
DOM,Bacteria;Bacteroidetes;Bacteroidia;Flavobacteriales;Flavobacteriaceae;Polaribacter 4;7037,Macrolide.lactams,0.8434364461121305,4.440561986401773,0.0021663252016300657,8,0.4559335547167616,0.9621259714444659,Pearson's product-moment correlation,two.sided,0.029198658563415844
DOM,Bacteria;Bacteroidetes;Bacteroidia;Flavobacteriales;Flavobacteriaceae;Winogradskyella;1626,Macrolide.lactams,0.6047402838884574,2.1476832909724637,0.06400585160274243,8,-0.04018802415602489,0.8939759536309867,Pearson's product-moment correlation,two.sided,0.20624107738661449
DOM,Bacteria;Bacteroidetes;Bacteroidia;Flavobacteriales;Flavobacteriaceae;Winogradskyella;7920,Macrolide.lactams,-0.49235406741629667,-1.5999489706425012,0.14827741919565957,8,-0.8564741712746109,0.19894499701874427,Pearson's product-moment correlation,two.sided,0.3146374504883508
DOM,Bacteria;Proteobacteria;Alphaproteobacteria;Caulobacterales;Hyphomonadaceae;Hyphomonas;9037,Macrolide.lactams,0.7755294493027328,3.4745587666525357,0.00838638040006171,8,0.28513066919690666,0.9441387232960038,Pearson's product-moment correlation,two.sided,0.06766572551404752
DOM,Bacteria;Proteobacteria;Alphaproteobacteria;Caulobacterales;Hyphomonadaceae;Litorimonas;uncultured marine bacterium;4616,Macrolide.lactams,0.38022862199780705,1.1627826058886823,0.27842728746183953,8,-0.32789681132962584,0.8147921100732793,Pearson's product-moment correlation,two.sided,0.4396220328344835
DOM,Bacteria;Proteobacteria;Alphaproteobacteria;Rhodobacterales;Rhodobacteraceae;1503,Macrolide.lactams,0.73039480490645,3.02458601324128,0.016444308395577624,8,0.18656542434067838,0.9316005683573063,Pearson's product-moment correlation,two.sided,0.10597443188261135
DOM,Bacteria;Proteobacteria;Alphaproteobacteria;Rhodobacterales;Rhodobacteraceae;3349,Macrolide.lactams,0.35701378757212854,1.0810281961875468,0.3111921462852785,8,-0.35166064621406184,0.8055616865425717,Pearson's product-moment correlation,two.sided,0.45747150687881405
DOM,Bacteria;Proteobacteria;Alphaproteobacteria;Rhodobacterales;Rhodobacteraceae;6355,Macrolide.lactams,-0.45775655796438325,-1.4562633251350843,0.18341616631156282,8,-0.8441000755658888,0.24146319407103084,Pearson's product-moment correlation,two.sided,0.3626637833887719
DOM,Bacteria;Proteobacteria;Alphaproteobacteria;Rhodobacterales;Rhodobacteraceae;8714,Macrolide.lactams,0.9664597265520052,10.643952480550885,5.31687636051396e-6,8,0.860384947202908,0.9922770470559554,Pearson's product-moment correlation,two.sided,5.782103042058931e-4
DOM,Bacteria;Proteobacteria;Alphaproteobacteria;Rhodobacterales;Rhodobacteraceae;Jannaschia;uncultured Thalassobacter sp.;6889,Macrolide.lactams,-0.7748728514455508,-3.467191905710819,0.00847765986325423,8,-0.9439597571153077,-0.2836183779641652,Pearson's product-moment correlation,two.sided,0.06766572551404752
DOM,Bacteria;Proteobacteria;Alphaproteobacteria;Rhodobacterales;Rhodobacteraceae;Pseudophaeobacter;2713,Macrolide.lactams,0.7536641554737593,3.24329039558661,0.011819231276421944,8,0.23604980983891166,0.9381250176692447,Pearson's product-moment correlation,two.sided,0.08808661125300424
DOM,Bacteria;Proteobacteria;Alphaproteobacteria;Rhodobacterales;Rhodobacteraceae;Sulfitobacter;4056,Macrolide.lactams,-0.45268479846479415,-1.4359405271363332,0.18894400408797196,8,-0.8422508596458768,0.24747833500558117,Pearson's product-moment correlation,two.sided,0.36898203960529424
DOM,Bacteria;Proteobacteria;Gammaproteobacteria;Alteromonadales;Alteromonadaceae;3399,Macrolide.lactams,-0.39960063526857975,-1.2329599961578908,0.2525900877368503,8,-0.8223295787299331,0.3073561987717287,Pearson's product-moment correlation,two.sided,0.41637989221038724
DOM,Bacteria;Proteobacteria;Gammaproteobacteria;Alteromonadales;Alteromonadaceae;376,Macrolide.lactams,-0.45681890005275566,-1.4524926672341933,0.18443086556037352,8,-0.8437588869137007,0.24257932604734156,Pearson's product-moment correlation,two.sided,0.3630200294966628
DOM,Bacteria;Proteobacteria;Gammaproteobacteria;Alteromonadales;Alteromonadaceae;4531,Macrolide.lactams,-0.47884491735595924,-1.5427482773990044,0.1614658022986196,8,-0.8516918004456211,0.21586248870667443,Pearson's product-moment correlation,two.sided,0.3323359487002359
DOM,Bacteria;Proteobacteria;Gammaproteobacteria;Alteromonadales;Alteromonadaceae;493,Macrolide.lactams,-0.13934305795418275,-0.3980045503023389,0.7010368275032917,8,-0.7069461100984543,0.5374345547135057,Pearson's product-moment correlation,two.sided,0.7890065199584265
DOM,Bacteria;Proteobacteria;Gammaproteobacteria;Alteromonadales;Alteromonadaceae;Alteromonas;2666,Macrolide.lactams,-0.19459479999087487,-0.5611238129383297,0.5900800814443535,8,-0.7342583017947671,0.4957748255535908,Pearson's product-moment correlation,two.sided,0.6900129984631553
DOM,Bacteria;Proteobacteria;Gammaproteobacteria;Alteromonadales;Alteromonadaceae;Alteromonas;3023,Macrolide.lactams,-0.1946760301488542,-0.5613672689044402,0.5899218294838559,8,-0.734297209529817,0.49571114624971435,Pearson's product-moment correlation,two.sided,0.6900129984631553
DOM,Bacteria;Proteobacteria;Gammaproteobacteria;Alteromonadales;Alteromonadaceae;Alteromonas;592,Macrolide.lactams,-0.07186841156977054,-0.2038015706274576,0.843597347866841,8,-0.6711260937423618,0.5841927522876516,Pearson's product-moment correlation,two.sided,0.8939460324532907
DOM,Bacteria;Proteobacteria;Gammaproteobacteria;Betaproteobacteriales;Burkholderiaceae;Limnobacter;45,Macrolide.lactams,0.7505016108271838,3.2120440444938287,0.012386225620777503,8,0.22916295315933757,0.9372459012767979,Pearson's product-moment correlation,two.sided,0.09055475874013805
DOM,Bacteria;Proteobacteria;Gammaproteobacteria;Betaproteobacteriales;Methylophilaceae;OM43 clade;3485,Macrolide.lactams,0.3112620489921687,0.9264018474241058,0.38133501208943177,8,-0.39596498257880225,0.7867099075055112,Pearson's product-moment correlation,two.sided,0.515157547387897
DOM,Bacteria;Proteobacteria;Gammaproteobacteria;Cellvibrionales;Cellvibrionaceae;Umboniibacter;uncultured bacterium;7259,Macrolide.lactams,-0.47098278481048717,-1.510119547226378,0.16945460142751317,8,-0.8488796432283551,0.22551989536389774,Pearson's product-moment correlation,two.sided,0.34525878979376223
DOM,Bacteria;Proteobacteria;Gammaproteobacteria;Oceanospirillales;Marinomonadaceae;Marinomonas;3263,Macrolide.lactams,-0.48021083753634847,-1.5484655605931164,0.16010142240525227,8,-0.8521781882672236,0.21417069484589987,Pearson's product-moment correlation,two.sided,0.33163866069659403
DOM,Bacteria;Proteobacteria;Gammaproteobacteria;Oceanospirillales;Marinomonadaceae;Marinomonas;6323,Macrolide.lactams,-0.07765896108927235,-0.22031807644255136,0.8311418461885729,8,-0.6743139239906931,0.5803439071564804,Pearson's product-moment correlation,two.sided,0.8850592486952981
DOM,Bacteria;Proteobacteria;Gammaproteobacteria;Oceanospirillales;Nitrincolaceae;Neptuniibacter;5936,Macrolide.lactams,0.7466176580291085,3.17435982735995,0.013108302791177922,8,0.22077594831497346,0.9361629912825092,Pearson's product-moment correlation,two.sided,0.09424978039937844
DOM,Bacteria;Proteobacteria;Gammaproteobacteria;Oceanospirillales;Oleiphilaceae;Oleiphilus;2747,Macrolide.lactams,0.885605994083772,5.393347849635807,6.511671645032305e-4,8,0.5786170240381147,0.9727988516141612,Pearson's product-moment correlation,two.sided,0.020982053078437427
DOM,Bacteria;Proteobacteria;Gammaproteobacteria;Oceanospirillales;Pseudohongiellaceae;Pseudohongiella;4940,Macrolide.lactams,0.801194604407211,3.786941595572211,0.005335046706382229,8,0.3462201797518458,0.951057108237317,Pearson's product-moment correlation,two.sided,0.046545996374824976
DOM,Bacteria;Bacteroidetes;Bacteroidia;Flavobacteriales;Flavobacteriaceae;2568,Methyl.branched.fatty.acids,-0.6868595169412609,-2.6730300872818455,0.028229330505639104,8,-0.9190353592844738,-0.1008452307816931,Pearson's product-moment correlation,two.sided,0.13568794220942554
DOM,Bacteria;Bacteroidetes;Bacteroidia;Flavobacteriales;Flavobacteriaceae;Maribacter;2321,Methyl.branched.fatty.acids,0.4820066236724887,1.5560044126449692,0.15831825266455254,8,-0.2119401230191921,0.8528166696223791,Pearson's product-moment correlation,two.sided,0.3311789816697296
DOM,Bacteria;Bacteroidetes;Bacteroidia;Flavobacteriales;Flavobacteriaceae;Polaribacter 4;7037,Methyl.branched.fatty.acids,0.8557358481848965,4.677862231343201,0.0015862657374896877,8,0.49025695217178505,0.9652769280972106,Pearson's product-moment correlation,two.sided,0.02551875712692647
DOM,Bacteria;Bacteroidetes;Bacteroidia;Flavobacteriales;Flavobacteriaceae;Winogradskyella;1626,Methyl.branched.fatty.acids,0.6415583355055987,2.3656132410599966,0.04555729806642638,8,0.020018245108103995,0.9054395656986658,Pearson's product-moment correlation,two.sided,0.17083986774909893
DOM,Bacteria;Bacteroidetes;Bacteroidia;Flavobacteriales;Flavobacteriaceae;Winogradskyella;7920,Methyl.branched.fatty.acids,-0.7239958108795655,-2.9686234029521477,0.017908751630098755,8,-0.9297833450889497,-0.1734245267099814,Pearson's product-moment correlation,two.sided,0.1089553420852162
DOM,Bacteria;Proteobacteria;Alphaproteobacteria;Caulobacterales;Hyphomonadaceae;Hyphomonas;9037,Methyl.branched.fatty.acids,0.7829989322797195,3.5604073295747125,0.007396327829619034,8,0.30250816557938953,0.946167672611713,Pearson's product-moment correlation,two.sided,0.060705709544986414
DOM,Bacteria;Proteobacteria;Alphaproteobacteria;Caulobacterales;Hyphomonadaceae;Litorimonas;uncultured marine bacterium;4616,Methyl.branched.fatty.acids,0.47681443731469797,1.5342762064489723,0.16350686619089239,8,-0.21836970419562554,0.8509675816480421,Pearson's product-moment correlation,two.sided,0.3354975792124443
DOM,Bacteria;Proteobacteria;Alphaproteobacteria;Rhodobacterales;Rhodobacteraceae;1503,Methyl.branched.fatty.acids,0.5135035531995226,1.6926099430977248,0.12898698914455173,8,-0.1716054086508429,0.8638378298270462,Pearson's product-moment correlation,two.sided,0.29531231725199997
DOM,Bacteria;Proteobacteria;Alphaproteobacteria;Rhodobacterales;Rhodobacteraceae;3349,Methyl.branched.fatty.acids,0.5214937827292951,1.72868253815705,0.12212591352779073,8,-0.16099442575234627,0.8665813792883247,Pearson's product-moment correlation,two.sided,0.28453290001009657
DOM,Bacteria;Proteobacteria;Alphaproteobacteria;Rhodobacterales;Rhodobacteraceae;6355,Methyl.branched.fatty.acids,-0.3717967366481403,-1.1328061295330718,0.29010248635936947,8,-0.8114648036729926,0.3366329920170154,Pearson's product-moment correlation,two.sided,0.4413663254611139
DOM,Bacteria;Proteobacteria;Alphaproteobacteria;Rhodobacterales;Rhodobacteraceae;8714,Methyl.branched.fatty.acids,0.8505834464467832,4.5751804320191765,0.001813427519020882,8,0.4757390621337826,0.9639608138933488,Pearson's product-moment correlation,two.sided,0.027201412785313232
DOM,Bacteria;Proteobacteria;Alphaproteobacteria;Rhodobacterales;Rhodobacteraceae;Jannaschia;uncultured Thalassobacter sp.;6889,Methyl.branched.fatty.acids,-0.8783607007786728,-5.197463386636343,8.249532244185264e-4,8,-0.9709910714952474,-0.5565013491578991,Pearson's product-moment correlation,two.sided,0.02160009524444861
DOM,Bacteria;Proteobacteria;Alphaproteobacteria;Rhodobacterales;Rhodobacteraceae;Pseudophaeobacter;2713,Methyl.branched.fatty.acids,0.5274965007180253,1.756191819680986,0.11712393518412931,8,-0.15291768992403545,0.8686288591073421,Pearson's product-moment correlation,two.sided,0.28453290001009657
DOM,Bacteria;Proteobacteria;Alphaproteobacteria;Rhodobacterales;Rhodobacteraceae;Sulfitobacter;4056,Methyl.branched.fatty.acids,-0.360615841415976,-1.0935561738619652,0.30598105286671706,8,-0.8070083083633028,0.34803231641428817,Pearson's product-moment correlation,two.sided,0.45504874528896383
DOM,Bacteria;Proteobacteria;Gammaproteobacteria;Alteromonadales;Alteromonadaceae;3399,Methyl.branched.fatty.acids,-0.02675378518206799,-0.07569822761980236,0.941517966291713,8,-0.645506599974489,0.6132018306197551,Pearson's product-moment correlation,two.sided,0.9648063965533454
DOM,Bacteria;Proteobacteria;Gammaproteobacteria;Alteromonadales;Alteromonadaceae;376,Methyl.branched.fatty.acids,-0.36921207460936856,-1.1236830845502745,0.2937330237443104,8,-0.8104391299695807,0.339286730129634,Pearson's product-moment correlation,two.sided,0.44443083592617394
DOM,Bacteria;Proteobacteria;Gammaproteobacteria;Alteromonadales;Alteromonadaceae;4531,Methyl.branched.fatty.acids,-0.705741331597832,-2.8175350471363516,0.022579436382384365,8,-0.9245436200520534,-0.13698458338512934,Pearson's product-moment correlation,two.sided,0.11973261351627651
DOM,Bacteria;Proteobacteria;Gammaproteobacteria;Alteromonadales;Alteromonadaceae;493,Methyl.branched.fatty.acids,-0.2309489664443966,-0.6713722900962873,0.5208938585865462,8,-0.7513240737365527,0.4665138299353768,Pearson's product-moment correlation,two.sided,0.6268017385481262
DOM,Bacteria;Proteobacteria;Gammaproteobacteria;Alteromonadales;Alteromonadaceae;Alteromonas;2666,Methyl.branched.fatty.acids,0.08451027093875953,0.23988932073489955,0.8164484460718837,8,-0.5757517144002356,0.6780572216665509,Pearson's product-moment correlation,two.sided,0.8769261087438752
DOM,Bacteria;Proteobacteria;Gammaproteobacteria;Alteromonadales;Alteromonadaceae;Alteromonas;3023,Methyl.branched.fatty.acids,0.07511664580956535,0.21306391655835835,0.8366063667220706,8,-0.5820373532091401,0.6729170543160113,Pearson's product-moment correlation,two.sided,0.8876189500587822
DOM,Bacteria;Proteobacteria;Gammaproteobacteria;Alteromonadales;Alteromonadaceae;Alteromonas;592,Methyl.branched.fatty.acids,-0.1764416749252765,-0.5070067998824153,0.6258268263795567,8,-0.725473447630677,0.5098219254469306,Pearson's product-moment correlation,two.sided,0.7228460141368261
DOM,Bacteria;Proteobacteria;Gammaproteobacteria;Betaproteobacteriales;Burkholderiaceae;Limnobacter;45,Methyl.branched.fatty.acids,0.672909428947999,2.5729501990810326,0.03297589366017641,8,0.07510278886656208,0.9149067069423846,Pearson's product-moment correlation,two.sided,0.14942201814767436
DOM,Bacteria;Proteobacteria;Gammaproteobacteria;Betaproteobacteriales;Methylophilaceae;OM43 clade;3485,Methyl.branched.fatty.acids,0.4096524253990499,1.2701371268206256,0.23973012634545718,8,-0.2964319601256367,0.8261830363038303,Pearson's product-moment correlation,two.sided,0.4081577758844758
DOM,Bacteria;Proteobacteria;Gammaproteobacteria;Cellvibrionales;Cellvibrionaceae;Umboniibacter;uncultured bacterium;7259,Methyl.branched.fatty.acids,-0.6949666557623639,-2.733724366216067,0.02569736602450733,8,-0.92141155947107,-0.11617494129883722,Pearson's product-moment correlation,two.sided,0.12871114153801197
DOM,Bacteria;Proteobacteria;Gammaproteobacteria;Oceanospirillales;Marinomonadaceae;Marinomonas;3263,Methyl.branched.fatty.acids,-0.7076040839894143,-2.832409750072404,0.022068209607188728,8,-0.9250821178172081,-0.14063383225664092,Pearson's product-moment correlation,two.sided,0.11778737643100733
DOM,Bacteria;Proteobacteria;Gammaproteobacteria;Oceanospirillales;Marinomonadaceae;Marinomonas;6323,Methyl.branched.fatty.acids,0.17612018245411823,0.5060533880407586,0.6264665455852494,8,-0.5100674453864736,0.7253162384846817,Pearson's product-moment correlation,two.sided,0.7228460141368261
DOM,Bacteria;Proteobacteria;Gammaproteobacteria;Oceanospirillales;Nitrincolaceae;Neptuniibacter;5936,Methyl.branched.fatty.acids,0.5463747661409399,1.8451413748544399,0.10223598179118798,8,-0.12691013315557811,0.8749930314809159,Pearson's product-moment correlation,two.sided,0.26531358809385913
DOM,Bacteria;Proteobacteria;Gammaproteobacteria;Oceanospirillales;Oleiphilaceae;Oleiphilus;2747,Methyl.branched.fatty.acids,0.8173416966542144,4.012459328693149,0.00388172697252089,8,0.38673890557008883,0.9553341173166078,Pearson's product-moment correlation,two.sided,0.03926863332666482
DOM,Bacteria;Proteobacteria;Gammaproteobacteria;Oceanospirillales;Pseudohongiellaceae;Pseudohongiella;4940,Methyl.branched.fatty.acids,0.6917439832932669,2.7093635420425035,0.026684374076448802,8,0.1100480201726135,0.9204690186062107,Pearson's product-moment correlation,two.sided,0.13116048274864667
DOM,Bacteria;Bacteroidetes;Bacteroidia;Flavobacteriales;Flavobacteriaceae;2568,N.acyl.amines,-0.6463710895494013,-2.396012998409154,0.04344621066047887,8,-0.9069101405590836,-0.028236096567717823,Pearson's product-moment correlation,two.sided,0.16724868705582574
DOM,Bacteria;Bacteroidetes;Bacteroidia;Flavobacteriales;Flavobacteriaceae;Maribacter;2321,N.acyl.amines,0.5073351212253294,1.66517242665551,0.1344431919776381,8,-0.1796897528024834,0.861705508076653,Pearson's product-moment correlation,two.sided,0.2983815740320029
DOM,Bacteria;Bacteroidetes;Bacteroidia;Flavobacteriales;Flavobacteriaceae;Polaribacter 4;7037,N.acyl.amines,0.8694716688284427,4.978386291713506,0.0010816757459354335,8,0.5299773518697457,0.9687586004965953,Pearson's product-moment correlation,two.sided,0.02160009524444861
DOM,Bacteria;Bacteroidetes;Bacteroidia;Flavobacteriales;Flavobacteriaceae;Winogradskyella;1626,N.acyl.amines,0.6682830586419526,2.540895179053361,0.03466243960667093,8,0.0667380214100258,0.9135262197696906,Pearson's product-moment correlation,two.sided,0.15090604833826968
DOM,Bacteria;Bacteroidetes;Bacteroidia;Flavobacteriales;Flavobacteriaceae;Winogradskyella;7920,N.acyl.amines,-0.6923255765042312,-2.71373672937731,0.026504362492574596,8,-0.9206393152167643,-0.11115048133829122,Pearson's product-moment correlation,two.sided,0.13101588277579487
DOM,Bacteria;Proteobacteria;Alphaproteobacteria;Caulobacterales;Hyphomonadaceae;Hyphomonas;9037,N.acyl.amines,0.7438042586242881,3.1475224315998678,0.013649397397560862,8,0.21474887925856917,0.9353763164394405,Pearson's product-moment correlation,two.sided,0.09576593335385444
DOM,Bacteria;Proteobacteria;Alphaproteobacteria;Caulobacterales;Hyphomonadaceae;Litorimonas;uncultured marine bacterium;4616,N.acyl.amines,0.5032672976802504,1.6472678529655016,0.13811773926971185,8,-0.1849707422398606,0.8602924487401599,Pearson's product-moment correlation,two.sided,0.3036508797064019
DOM,Bacteria;Proteobacteria;Alphaproteobacteria;Rhodobacterales;Rhodobacteraceae;1503,N.acyl.amines,0.5267471397423177,1.7527379833482042,0.11774125192064921,8,-0.15393095491396724,0.868373892861017,Pearson's product-moment correlation,two.sided,0.28453290001009657
DOM,Bacteria;Proteobacteria;Alphaproteobacteria;Rhodobacterales;Rhodobacteraceae;3349,N.acyl.amines,0.5299991661287394,1.7677680018077297,0.11507692964624114,8,-0.14952325635925245,0.869479070944311,Pearson's product-moment correlation,two.sided,0.28241678258151326
DOM,Bacteria;Proteobacteria;Alphaproteobacteria;Rhodobacterales;Rhodobacteraceae;6355,N.acyl.amines,-0.36113460203818476,-1.0953650385583322,0.305234385903729,8,-0.8072162075458224,0.347508016798116,Pearson's product-moment correlation,two.sided,0.45504874528896383
DOM,Bacteria;Proteobacteria;Alphaproteobacteria;Rhodobacterales;Rhodobacteraceae;8714,N.acyl.amines,0.8550967678845192,4.664852731077478,0.0016132547608976504,8,0.4884451341416612,0.965113984867151,Pearson's product-moment correlation,two.sided,0.02551875712692647
DOM,Bacteria;Proteobacteria;Alphaproteobacteria;Rhodobacterales;Rhodobacteraceae;Jannaschia;uncultured Thalassobacter sp.;6889,N.acyl.amines,-0.8483844310356923,-4.532832099100978,0.0019172028750899849,8,-0.9633974092206805,-0.46960447664777805,Pearson's product-moment correlation,two.sided,0.02779944168880478
DOM,Bacteria;Proteobacteria;Alphaproteobacteria;Rhodobacterales;Rhodobacteraceae;Pseudophaeobacter;2713,N.acyl.amines,0.5357560099756623,1.7946418382095612,0.1104536517917324,8,-0.14165381614772887,0.8714271953639198,Pearson's product-moment correlation,two.sided,0.27468977036881065
DOM,Bacteria;Proteobacteria;Alphaproteobacteria;Rhodobacterales;Rhodobacteraceae;Sulfitobacter;4056,N.acyl.amines,-0.34764573704625,-1.0487024400452918,0.3249611404063817,8,-0.8017741744751912,0.3609983792049272,Pearson's product-moment correlation,two.sided,0.46962822616869115
DOM,Bacteria;Proteobacteria;Gammaproteobacteria;Alteromonadales;Alteromonadaceae;3399,N.acyl.amines,-0.08041296259700537,-0.22818113858214667,0.8252296722725025,8,-0.6758223013745639,0.5785030125035815,Pearson's product-moment correlation,two.sided,0.8830871031698366
DOM,Bacteria;Proteobacteria;Gammaproteobacteria;Alteromonadales;Alteromonadaceae;376,N.acyl.amines,-0.357945431460156,-1.0842631246572585,0.30983989113397037,8,-0.8059363576872945,0.3507242431696987,Pearson's product-moment correlation,two.sided,0.45747150687881405
DOM,Bacteria;Proteobacteria;Gammaproteobacteria;Alteromonadales;Alteromonadaceae;4531,N.acyl.amines,-0.6691423057274397,-2.546807852052087,0.03434487975854925,8,-0.9137830429369344,-0.06828522635925321,Pearson's product-moment correlation,two.sided,0.15090604833826968
DOM,Bacteria;Proteobacteria;Gammaproteobacteria;Alteromonadales;Alteromonadaceae;493,N.acyl.amines,-0.19281616498853513,-0.5557960401118016,0.5935491052571521,8,-0.7334054790776195,0.4971673044371379,Pearson's product-moment correlation,two.sided,0.6922087420559281
DOM,Bacteria;Proteobacteria;Gammaproteobacteria;Alteromonadales;Alteromonadaceae;Alteromonas;2666,N.acyl.amines,0.006931095006820334,0.019604568029627786,0.9848389580242152,8,-0.6254245579691018,0.6337915293469173,Pearson's product-moment correlation,two.sided,0.9859722594718839
DOM,Bacteria;Proteobacteria;Gammaproteobacteria;Alteromonadales;Alteromonadaceae;Alteromonas;3023,N.acyl.amines,0.009330053671515095,0.02639052555117461,0.9795922841450726,8,-0.623961676625764,0.6352247597639648,Pearson's product-moment correlation,two.sided,0.9829818768237754
DOM,Bacteria;Proteobacteria;Gammaproteobacteria;Alteromonadales;Alteromonadaceae;Alteromonas;592,N.acyl.amines,-0.13260280200667496,-0.3783989053298714,0.7149782085541421,8,-0.7034942209909137,0.5423002620361366,Pearson's product-moment correlation,two.sided,0.7986116831258255
DOM,Bacteria;Proteobacteria;Gammaproteobacteria;Betaproteobacteriales;Burkholderiaceae;Limnobacter;45,N.acyl.amines,0.645166027515724,2.3883557768225536,0.043968517330021765,8,0.026170563160826547,0.9065425191647382,Pearson's product-moment correlation,two.sided,0.16809604380570278
DOM,Bacteria;Proteobacteria;Gammaproteobacteria;Betaproteobacteriales;Methylophilaceae;OM43 clade;3485,N.acyl.amines,0.3459438751889626,1.0428687546287465,0.3274958335561741,8,-0.3626796174689279,0.8010821720568911,Pearson's product-moment correlation,two.sided,0.47250642652383334
DOM,Bacteria;Proteobacteria;Gammaproteobacteria;Cellvibrionales;Cellvibrionaceae;Umboniibacter;uncultured bacterium;7259,N.acyl.amines,-0.656042149435841,-2.458603129430394,0.03940449835098425,8,-0.9098461380411971,-0.04500615339087161,Pearson's product-moment correlation,two.sided,0.15798116850394606
DOM,Bacteria;Proteobacteria;Gammaproteobacteria;Oceanospirillales;Marinomonadaceae;Marinomonas;3263,N.acyl.amines,-0.6714421071871021,-2.5627246420162884,0.033504635080824775,8,-0.9144694771243737,-0.07244063761426857,Pearson's product-moment correlation,two.sided,0.14953389997805447
DOM,Bacteria;Proteobacteria;Gammaproteobacteria;Oceanospirillales;Marinomonadaceae;Marinomonas;6323,N.acyl.amines,0.15660142946547267,0.4484689944436638,0.6657125600054741,8,-0.5247671063194456,0.715663079240631,Pearson's product-moment correlation,two.sided,0.7560965107111781
DOM,Bacteria;Proteobacteria;Gammaproteobacteria;Oceanospirillales;Nitrincolaceae;Neptuniibacter;5936,N.acyl.amines,0.5425079628004993,1.8266091696627889,0.10518209107351395,8,-0.13231368715955302,0.8736986525556083,Pearson's product-moment correlation,two.sided,0.269403597090211
DOM,Bacteria;Proteobacteria;Gammaproteobacteria;Oceanospirillales;Oleiphilaceae;Oleiphilus;2747,N.acyl.amines,0.7987988540879587,3.7555703410580943,0.0055795736029708816,8,0.34034960816119836,0.950417597238978,Pearson's product-moment correlation,two.sided,0.04806167360974918
DOM,Bacteria;Proteobacteria;Gammaproteobacteria;Oceanospirillales;Pseudohongiellaceae;Pseudohongiella;4940,N.acyl.amines,0.6682059194014428,2.540365267256432,0.03469104559500453,8,0.06659926185446918,0.9135031538022028,Pearson's product-moment correlation,two.sided,0.15090604833826968
DOM,Bacteria;Bacteroidetes;Bacteroidia;Flavobacteriales;Flavobacteriaceae;2568,O.glucuronides,0.27792797178203865,0.8183400432488293,0.4368578921116789,8,-0.4262962301880907,0.7723926881520325,Pearson's product-moment correlation,two.sided,0.5581003908034664
DOM,Bacteria;Bacteroidetes;Bacteroidia;Flavobacteriales;Flavobacteriaceae;Maribacter;2321,O.glucuronides,0.45086437926051387,1.428689001458237,0.19095168430155918,8,-0.2496242813727439,0.8415848725422113,Pearson's product-moment correlation,two.sided,0.36909904488442635
DOM,Bacteria;Bacteroidetes;Bacteroidia;Flavobacteriales;Flavobacteriaceae;Polaribacter 4;7037,O.glucuronides,0.10942103858740028,0.31135899139541656,0.7634867801760896,8,-0.5586962870012627,0.6914128879960486,Pearson's product-moment correlation,two.sided,0.8376210576963405
DOM,Bacteria;Bacteroidetes;Bacteroidia;Flavobacteriales;Flavobacteriaceae;Winogradskyella;1626,O.glucuronides,0.40249854043182237,1.2436226095783696,0.24884411078250063,8,-0.3042257702178219,0.8234445128623105,Pearson's product-moment correlation,two.sided,0.4163353391937991
DOM,Bacteria;Bacteroidetes;Bacteroidia;Flavobacteriales;Flavobacteriaceae;Winogradskyella;7920,O.glucuronides,0.27878264373698153,0.8210682796983427,0.4353900732641153,8,-0.4255378388559782,0.7727661617121658,Pearson's product-moment correlation,two.sided,0.5574891721552538
DOM,Bacteria;Proteobacteria;Alphaproteobacteria;Caulobacterales;Hyphomonadaceae;Hyphomonas;9037,O.glucuronides,-0.6948183533589545,-2.7325963881831825,0.025742228307602394,8,-0.9213682436058087,-0.11589201963903828,Pearson's product-moment correlation,two.sided,0.12871114153801197
DOM,Bacteria;Proteobacteria;Alphaproteobacteria;Caulobacterales;Hyphomonadaceae;Litorimonas;uncultured marine bacterium;4616,O.glucuronides,0.4483428295627074,1.4186814865828585,0.19375318109391856,8,-0.2525854120127053,0.8406604152206759,Pearson's product-moment correlation,two.sided,0.36909904488442635
DOM,Bacteria;Proteobacteria;Alphaproteobacteria;Rhodobacterales;Rhodobacteraceae;1503,O.glucuronides,-0.23515105003863804,-0.6842960648352282,0.5131196820102979,8,-0.7532527873150509,0.46303025275486415,Pearson's product-moment correlation,two.sided,0.6191596717738684
DOM,Bacteria;Proteobacteria;Alphaproteobacteria;Rhodobacterales;Rhodobacteraceae;3349,O.glucuronides,0.25826434543050275,0.7561342744014767,0.4712452727267117,8,-0.44347552006840146,0.7637046191187121,Pearson's product-moment correlation,two.sided,0.5782558353628198
DOM,Bacteria;Proteobacteria;Alphaproteobacteria;Rhodobacterales;Rhodobacteraceae;6355,O.glucuronides,0.37331768019862344,1.1381888455603768,0.28797740862341004,8,-0.33506612357946697,0.812067097772596,Pearson's product-moment correlation,two.sided,0.4413663254611139
DOM,Bacteria;Proteobacteria;Alphaproteobacteria;Rhodobacterales;Rhodobacteraceae;8714,O.glucuronides,-0.2343331956305291,-0.6817775475691841,0.5146289842631531,8,-0.7528780975026066,0.46370995852111513,Pearson's product-moment correlation,two.sided,0.6201207982118326
DOM,Bacteria;Proteobacteria;Alphaproteobacteria;Rhodobacterales;Rhodobacteraceae;Jannaschia;uncultured Thalassobacter sp.;6889,O.glucuronides,0.5370518799913983,1.8007391598227773,0.10942930951733641,8,-0.13987051416259277,0.8718642644554575,Pearson's product-moment correlation,two.sided,0.27468977036881065
DOM,Bacteria;Proteobacteria;Alphaproteobacteria;Rhodobacterales;Rhodobacteraceae;Pseudophaeobacter;2713,O.glucuronides,-0.27616595173396685,-0.8127220570972488,0.43989115135427026,8,-0.771621642030278,0.4278566367552601,Pearson's product-moment correlation,two.sided,0.5595106749681508
DOM,Bacteria;Proteobacteria;Alphaproteobacteria;Rhodobacterales;Rhodobacteraceae;Sulfitobacter;4056,O.glucuronides,0.3793989955466795,1.1598183629393033,0.27956454378700113,8,-0.32876178357367253,0.8144659960409061,Pearson's product-moment correlation,two.sided,0.44061803096864305
DOM,Bacteria;Proteobacteria;Gammaproteobacteria;Alteromonadales;Alteromonadaceae;3399,O.glucuronides,-0.4569271433476615,-1.4529276393166273,0.1843135600817436,8,-0.8437982897288235,0.24245057415647722,Pearson's product-moment correlation,two.sided,0.3630200294966628
DOM,Bacteria;Proteobacteria;Gammaproteobacteria;Alteromonadales;Alteromonadaceae;376,O.glucuronides,0.3751908514507529,1.1448327808263952,0.28537173290833306,8,-0.33313099254765877,0.8128075918664255,Pearson's product-moment correlation,two.sided,0.4413663254611139
DOM,Bacteria;Proteobacteria;Gammaproteobacteria;Alteromonadales;Alteromonadaceae;4531,O.glucuronides,0.2791275369562688,0.8221698272373077,0.4347983951046783,8,-0.42523151816530796,0.7729167759373098,Pearson's product-moment correlation,two.sided,0.5574891721552538
DOM,Bacteria;Proteobacteria;Gammaproteobacteria;Alteromonadales;Alteromonadaceae;493,O.glucuronides,0.5095985123485408,1.67519946615979,0.1324249474862253,8,-0.1767340927368868,0.8624893802253643,Pearson's product-moment correlation,two.sided,0.2983815740320029
DOM,Bacteria;Proteobacteria;Gammaproteobacteria;Alteromonadales;Alteromonadaceae;Alteromonas;2666,O.glucuronides,-0.8719839897086572,-5.038140742159514,0.0010039432136774453,8,-0.9693912026505375,-0.5374071303979655,Pearson's product-moment correlation,two.sided,0.02160009524444861
DOM,Bacteria;Proteobacteria;Gammaproteobacteria;Alteromonadales;Alteromonadaceae;Alteromonas;3023,O.glucuronides,-0.8740290364511022,-5.088004312999886,9.437377279211956e-4,8,-0.9699051921257876,-0.5434936132999384,Pearson's product-moment correlation,two.sided,0.02160009524444861
DOM,Bacteria;Proteobacteria;Gammaproteobacteria;Alteromonadales;Alteromonadaceae;Alteromonas;592,O.glucuronides,0.5991103478715779,2.1164118005197894,0.06719943940458585,8,-0.04899922682329449,0.8921890079080229,Pearson's product-moment correlation,two.sided,0.21105961112631655
DOM,Bacteria;Proteobacteria;Gammaproteobacteria;Betaproteobacteriales;Burkholderiaceae;Limnobacter;45,O.glucuronides,-0.6539735054269031,-2.445041285313218,0.04024679162891718,8,-0.9092202561964347,-0.04138984136882608,Pearson's product-moment correlation,two.sided,0.16061792989521992
DOM,Bacteria;Proteobacteria;Gammaproteobacteria;Betaproteobacteriales;Methylophilaceae;OM43 clade;3485,O.glucuronides,-0.968411552084121,-10.984564886505904,4.193076545573207e-6,8,-0.9927320254566604,-0.8680955765621458,Pearson's product-moment correlation,two.sided,5.211395135212415e-4
DOM,Bacteria;Proteobacteria;Gammaproteobacteria;Cellvibrionales;Cellvibrionaceae;Umboniibacter;uncultured bacterium;7259,O.glucuronides,0.2785795492068293,0.8204197813326826,0.43573866329376165,8,-0.42571814401303104,0.7726774446755315,Pearson's product-moment correlation,two.sided,0.5574891721552538
DOM,Bacteria;Proteobacteria;Gammaproteobacteria;Oceanospirillales;Marinomonadaceae;Marinomonas;3263,O.glucuronides,0.2791771930646072,0.8223284512892812,0.43471323856422495,8,-0.4251874022563373,0.7729384560855844,Pearson's product-moment correlation,two.sided,0.5574891721552538
DOM,Bacteria;Proteobacteria;Gammaproteobacteria;Oceanospirillales;Marinomonadaceae;Marinomonas;6323,O.glucuronides,0.41323390150147227,1.2835163543238517,0.23523889714309051,8,-0.2924944671073679,0.8275466798620466,Pearson's product-moment correlation,two.sided,0.4042121741188198
DOM,Bacteria;Proteobacteria;Gammaproteobacteria;Oceanospirillales;Nitrincolaceae;Neptuniibacter;5936,O.glucuronides,-0.34298377996481466,-1.0327498639489874,0.331928760716768,8,-0.7998756476624865,0.3655928939093333,Pearson's product-moment correlation,two.sided,0.47653138914783527
DOM,Bacteria;Proteobacteria;Gammaproteobacteria;Oceanospirillales;Oleiphilaceae;Oleiphilus;2747,O.glucuronides,-0.44372898671426386,-1.400479449806249,0.1989410968711039,8,-0.8389629358245513,0.25796980539315906,Pearson's product-moment correlation,two.sided,0.3722123747910976
DOM,Bacteria;Proteobacteria;Gammaproteobacteria;Oceanospirillales;Pseudohongiellaceae;Pseudohongiella;4940,O.glucuronides,-0.5554791741117273,-1.8894465809770549,0.09550723261801353,8,-0.8780222126788826,0.11402764477596092,Pearson's product-moment correlation,two.sided,0.2553944568020382
DOM,Bacteria;Bacteroidetes;Bacteroidia;Flavobacteriales;Flavobacteriaceae;2568,Organic.oxoanionic.compounds,0.37652004428010116,1.1495571758009544,0.2835304948176743,8,-0.33175420436392705,0.8133321862922077,Pearson's product-moment correlation,two.sided,0.441272863133053
DOM,Bacteria;Bacteroidetes;Bacteroidia;Flavobacteriales;Flavobacteriaceae;Maribacter;2321,Organic.oxoanionic.compounds,-0.5075752854632747,-1.6662341665047307,0.13422814821247475,8,-0.8617887635921241,0.17937672034835087,Pearson's product-moment correlation,two.sided,0.2983815740320029
DOM,Bacteria;Bacteroidetes;Bacteroidia;Flavobacteriales;Flavobacteriaceae;Polaribacter 4;7037,Organic.oxoanionic.compounds,-0.5794030870508221,-2.010695317899515,0.07919279564071015,8,-0.885860794594206,0.07906769551084666,Pearson's product-moment correlation,two.sided,0.22524752759881758
DOM,Bacteria;Bacteroidetes;Bacteroidia;Flavobacteriales;Flavobacteriaceae;Winogradskyella;1626,Organic.oxoanionic.compounds,-0.521953242299127,-1.7307755426813471,0.12173844206227497,8,-0.8667385090094499,0.16037943071598026,Pearson's product-moment correlation,two.sided,0.28453290001009657
DOM,Bacteria;Bacteroidetes;Bacteroidia;Flavobacteriales;Flavobacteriaceae;Winogradskyella;7920,Organic.oxoanionic.compounds,0.37555105107843184,1.1461122364588279,0.2848721387051092,8,-0.3327581931162279,0.8129498225122569,Pearson's product-moment correlation,two.sided,0.4413663254611139
DOM,Bacteria;Proteobacteria;Alphaproteobacteria;Caulobacterales;Hyphomonadaceae;Hyphomonas;9037,Organic.oxoanionic.compounds,-0.4837461669923642,-1.5633315074462504,0.15660239465937398,8,-0.8534340988818143,0.20977249509312404,Pearson's product-moment correlation,two.sided,0.32909198877694534
DOM,Bacteria;Proteobacteria;Alphaproteobacteria;Caulobacterales;Hyphomonadaceae;Litorimonas;uncultured marine bacterium;4616,Organic.oxoanionic.compounds,-0.520330005022109,-1.7233903393806476,0.12311077813439048,8,-0.8661830747315776,0.1625497957217122,Pearson's product-moment correlation,two.sided,0.2856170052717859
DOM,Bacteria;Proteobacteria;Alphaproteobacteria;Rhodobacterales;Rhodobacteraceae;1503,Organic.oxoanionic.compounds,0.07867266628814579,0.22321174759335005,0.828964764488067,8,-0.5796670835857537,0.6748697139394184,Pearson's product-moment correlation,two.sided,0.8849071719075071
DOM,Bacteria;Proteobacteria;Alphaproteobacteria;Rhodobacterales;Rhodobacteraceae;3349,Organic.oxoanionic.compounds,-0.5973484166029819,-2.10672659088893,0.06821988421202248,8,-0.8916278782681873,0.05173618906381048,Pearson's product-moment correlation,two.sided,0.21272867119877975
DOM,Bacteria;Proteobacteria;Alphaproteobacteria;Rhodobacterales;Rhodobacteraceae;6355,Organic.oxoanionic.compounds,0.5227188540175826,1.73426778357362,0.12109448683361516,8,-0.15935346719847532,0.8670001871828211,Pearson's product-moment correlation,two.sided,0.28453290001009657
DOM,Bacteria;Proteobacteria;Alphaproteobacteria;Rhodobacterales;Rhodobacteraceae;8714,Organic.oxoanionic.compounds,-0.3724640512252049,-1.1351664903086383,0.28916907477279524,8,-0.81172917549341606,0.3359460105633916,Pearson's product-moment correlation,two.sided,0.4413663254611139
DOM,Bacteria;Proteobacteria;Alphaproteobacteria;Rhodobacterales;Rhodobacteraceae;Jannaschia;uncultured Thalassobacter sp.;6889,Organic.oxoanionic.compounds,0.7381703638076105,3.0948957671313564,0.014779547977516462,8,0.2027994742320526,0.9337952624931097,Pearson's product-moment correlation,two.sided,0.09967602124371568
DOM,Bacteria;Proteobacteria;Alphaproteobacteria;Rhodobacterales;Rhodobacteraceae;Pseudophaeobacter;2713,Organic.oxoanionic.compounds,-0.021714563163219305,-0.06143254456650071,0.9525217843378021,8,-0.642555802028526,0.6163383521992101,Pearson's product-moment correlation,two.sided,0.970207885552633
DOM,Bacteria;Proteobacteria;Alphaproteobacteria;Rhodobacterales;Rhodobacteraceae;Sulfitobacter;4056,Organic.oxoanionic.compounds,0.5306873515608134,1.7709624544313365,0.11451799398105222,8,-0.14858703536871118,0.8697125109813851,Pearson's product-moment correlation,two.sided,0.28223981519409475
DOM,Bacteria;Proteobacteria;Gammaproteobacteria;Alteromonadales;Alteromonadaceae;3399,Organic.oxoanionic.compounds,-0.21318060608610911,-0.6171524089490185,0.5542887336020832,8,-0.7430691116016473,0.48100865611351,Pearson's product-moment correlation,two.sided,0.6587857899369022
DOM,Bacteria;Proteobacteria;Gammaproteobacteria;Alteromonadales;Alteromonadaceae;376,Organic.oxoanionic.compounds,0.525200562078824,1.7456275975921447,0.1190217182394596,8,-0.1560176774364375,0.8678471060531933,Pearson's product-moment correlation,two.sided,0.28453290001009657
DOM,Bacteria;Proteobacteria;Gammaproteobacteria;Alteromonadales;Alteromonadaceae;4531,Organic.oxoanionic.compounds,0.37717856123851873,1.1519008258605157,0.2826206789863116,8,-0.3310709879004508,0.8135918212724255,Pearson's product-moment correlation,two.sided,0.4411744468988202
DOM,Bacteria;Proteobacteria;Gammaproteobacteria;Alteromonadales;Alteromonadaceae;493,Organic.oxoanionic.compounds,-0.09017842899381574,-0.25610658886305904,0.8043310653519087,8,-0.6811309900048422,0.5719207968157368,Pearson's product-moment correlation,two.sided,0.8685893634442858
DOM,Bacteria;Proteobacteria;Gammaproteobacteria;Alteromonadales;Alteromonadaceae;Alteromonas;2666,Organic.oxoanionic.compounds,-0.4228054843646146,-1.3196286699075046,0.22347092490451284,8,-0.8311672151387844,0.28185265787672537,Pearson's product-moment correlation,two.sided,0.39095964375482584
DOM,Bacteria;Proteobacteria;Gammaproteobacteria;Alteromonadales;Alteromonadaceae;Alteromonas;3023,Organic.oxoanionic.compounds,-0.447387983251825,-1.4149029913169708,0.19482027093904125,8,-0.8403097490649681,0.2537032995522446,Pearson's product-moment correlation,two.sided,0.3698861169483616
DOM,Bacteria;Proteobacteria;Gammaproteobacteria;Alteromonadales;Alteromonadaceae;Alteromonas;592,Organic.oxoanionic.compounds,-0.1047277566299515,-0.29785274105497145,0.7734041988762976,8,-0.6889266795989484,0.5619533846469452,Pearson's product-moment correlation,two.sided,0.8463668591476464
DOM,Bacteria;Proteobacteria;Gammaproteobacteria;Betaproteobacteriales;Burkholderiaceae;Limnobacter;45,Organic.oxoanionic.compounds,-0.3987504053897517,-1.2298400167944006,0.25369504085985023,8,-0.8220018459678432,0.3082717556987072,Pearson's product-moment correlation,two.sided,0.41637989221038724
DOM,Bacteria;Proteobacteria;Gammaproteobacteria;Betaproteobacteriales;Methylophilaceae;OM43 clade;3485,Organic.oxoanionic.compounds,-0.45251125176138624,-1.4352482441590595,0.1891348662583787,8,-0.8421874200853197,0.24768321196383417,Pearson's product-moment correlation,two.sided,0.36898203960529424
DOM,Bacteria;Proteobacteria;Gammaproteobacteria;Cellvibrionales;Cellvibrionaceae;Umboniibacter;uncultured bacterium;7259,Organic.oxoanionic.compounds,0.3770082379372576,1.1512944532604008,0.2828558485508623,8,-0.33124777087398294,0.8135246841985697,Pearson's product-moment correlation,two.sided,0.4411744468988202
DOM,Bacteria;Proteobacteria;Gammaproteobacteria;Oceanospirillales;Marinomonadaceae;Marinomonas;3263,Organic.oxoanionic.compounds,0.3771401680991272,1.1517641295127552,0.2826736801131836,8,-0.3311108414768916,0.8135766886981431,Pearson's product-moment correlation,two.sided,0.4411744468988202
DOM,Bacteria;Proteobacteria;Gammaproteobacteria;Oceanospirillales;Marinomonadaceae;Marinomonas;6323,Organic.oxoanionic.compounds,-0.25896822054023183,-0.758342970970703,0.46999428572601465,8,-0.7640188075052836,0.44286934486999663,Pearson's product-moment correlation,two.sided,0.5782558353628198
DOM,Bacteria;Proteobacteria;Gammaproteobacteria;Oceanospirillales;Nitrincolaceae;Neptuniibacter;5936,Organic.oxoanionic.compounds,-0.02347601531282583,-0.06641850340638938,0.9486745094119684,8,-0.6435893464836779,0.6152442825966687,Pearson's product-moment correlation,two.sided,0.9689945988145333
DOM,Bacteria;Proteobacteria;Gammaproteobacteria;Oceanospirillales;Oleiphilaceae;Oleiphilus;2747,Organic.oxoanionic.compounds,-0.2979304778540818,-0.8827630597855667,0.4031099175285898,8,-0.7810446275756614,0.4082836570347114,Pearson's product-moment correlation,two.sided,0.5321784950680928
DOM,Bacteria;Proteobacteria;Gammaproteobacteria;Oceanospirillales;Pseudohongiellaceae;Pseudohongiella;4940,Organic.oxoanionic.compounds,-0.2914405538204204,-0.8617268417497626,0.41391992135706956,8,-0.7782576378882499,0.4141888332054875,Pearson's product-moment correlation,two.sided,0.5423512841312809
DOM,Bacteria;Bacteroidetes;Bacteroidia;Flavobacteriales;Flavobacteriaceae;2568,Organobromides,-0.7137451822089629,-2.8822965203504176,0.020439358514727758,8,-0.9268512577156439,-0.15277474109329559,Pearson's product-moment correlation,two.sided,0.11663590099721007
DOM,Bacteria;Bacteroidetes;Bacteroidia;Flavobacteriales;Flavobacteriaceae;Maribacter;2321,Organobromides,-0.15927692632698087,-0.45632869633318424,0.660287064328307,8,-0.7169990215274117,0.5227759275630701,Pearson's product-moment correlation,two.sided,0.7509147006086628
DOM,Bacteria;Bacteroidetes;Bacteroidia;Flavobacteriales;Flavobacteriaceae;Polaribacter 4;7037,Organobromides,0.32501128403936536,0.9720428010872739,0.3594982932125612,8,-0.38298801957943096,0.7924699742715473,Pearson's product-moment correlation,two.sided,0.4977944218066233
DOM,Bacteria;Bacteroidetes;Bacteroidia;Flavobacteriales;Flavobacteriaceae;Winogradskyella;1626,Organobromides,-0.01056955099628083,-0.029896874751696126,0.9768816899824855,8,-0.6359635980380437,0.6232040899052987,Pearson's product-moment correlation,two.sided,0.9813938455944138
DOM,Bacteria;Bacteroidetes;Bacteroidia;Flavobacteriales;Flavobacteriaceae;Winogradskyella;7920,Organobromides,-0.7327192789843205,-3.0453323172037345,0.01593363436234877,8,-0.9322582048377852,-0.1913876102666174,Pearson's product-moment correlation,two.sided,0.10344971563614501
DOM,Bacteria;Proteobacteria;Alphaproteobacteria;Caulobacterales;Hyphomonadaceae;Hyphomonas;9037,Organobromides,0.9013657769227247,5.887072820271628,3.6705854640288243e-4,8,0.6283336528196235,0.9766947546289201,Pearson's product-moment correlation,two.sided,0.01601438288159068
DOM,Bacteria;Proteobacteria;Alphaproteobacteria;Caulobacterales;Hyphomonadaceae;Litorimonas;uncultured marine bacterium;4616,Organobromides,-0.1666044830340766,-0.4779079734116856,0.6455013163243557,8,-0.720636997062846,0.5172841857663325,Pearson's product-moment correlation,two.sided,0.737958140870157
DOM,Bacteria;Proteobacteria;Alphaproteobacteria;Rhodobacterales;Rhodobacteraceae;1503,Organobromides,0.5460704314719881,1.8436767576723725,0.1024659374707318,8,-0.12733687070650712,0.8748913281274635,Pearson's product-moment correlation,two.sided,0.26531358809385913
DOM,Bacteria;Proteobacteria;Alphaproteobacteria;Rhodobacterales;Rhodobacteraceae;3349,Organobromides,-0.021512601469752125,-0.06086091012247862,0.9529629566827269,8,-0.6424371550454162,0.6164636370355892,Pearson's product-moment correlation,two.sided,0.970207885552633
DOM,Bacteria;Proteobacteria;Alphaproteobacteria;Rhodobacterales;Rhodobacteraceae;6355,Organobromides,-0.2156019933128666,-0.624501984475908,0.5496892765826195,8,-0.7442036293434948,0.47905545537981103,Pearson's product-moment correlation,two.sided,0.6542129557139247
DOM,Bacteria;Proteobacteria;Alphaproteobacteria;Rhodobacterales;Rhodobacteraceae;8714,Organobromides,0.6523705782766815,2.4345986117983505,0.04090772740638602,8,0.038598668295176816,0.9087344853453398,Pearson's product-moment correlation,two.sided,0.16177146747070836
DOM,Bacteria;Proteobacteria;Alphaproteobacteria;Rhodobacterales;Rhodobacteraceae;Jannaschia;uncultured Thalassobacter sp.;6889,Organobromides,-0.7357604572380526,-3.0728236525694865,0.01528231356948569,8,-0.9331166236144001,-0.197736328687042,Pearson's product-moment correlation,two.sided,0.09996701357483122
DOM,Bacteria;Proteobacteria;Alphaproteobacteria;Rhodobacterales;Rhodobacteraceae;Pseudophaeobacter;2713,Organobromides,0.5829309421254831,2.029210646176134,0.07695140894692659,8,-0.07377167773112592,0.8870020685527196,Pearson's product-moment correlation,two.sided,0.2223039523838257
DOM,Bacteria;Proteobacteria;Alphaproteobacteria;Rhodobacterales;Rhodobacteraceae;Sulfitobacter;4056,Organobromides,-0.20164699227281185,-0.5823053862047466,0.5763997656724975,8,-0.7376230151994139,0.49021855925788876,Pearson's product-moment correlation,two.sided,0.6794956587196109
DOM,Bacteria;Proteobacteria;Gammaproteobacteria;Alteromonadales;Alteromonadaceae;3399,Organobromides,0.3308853535859117,0.9917493998059286,0.35036480847366086,8,-0.37735736090011374,0.7949056782032339,Pearson's product-moment correlation,two.sided,0.4923998437694613
DOM,Bacteria;Proteobacteria;Gammaproteobacteria;Alteromonadales;Alteromonadaceae;376,Organobromides,-0.21217429998056142,-0.6141015074598472,0.5562046301329996,8,-0.7425967188881919,0.4818183662802932,Pearson's product-moment correlation,two.sided,0.6600767661566422
DOM,Bacteria;Proteobacteria;Gammaproteobacteria;Alteromonadales;Alteromonadaceae;4531,Organobromides,-0.7244513628668098,-2.9725530816499717,0.017801614928833115,8,-0.929913047843739,-0.17435360587723364,Pearson's product-moment correlation,two.sided,0.1089553420852162
DOM,Bacteria;Proteobacteria;Gammaproteobacteria;Alteromonadales;Alteromonadaceae;493,Organobromides,-0.6972201521337377,-2.7509478130253515,0.025022251344784585,8,-0.9220690644213483,-0.12048560317621032,Pearson's product-moment correlation,two.sided,0.1273061910524128
DOM,Bacteria;Proteobacteria;Gammaproteobacteria;Alteromonadales;Alteromonadaceae;Alteromonas;2666,Organobromides,0.5240307456804563,1.740265248065702,0.11999599339289725,8,-0.15759202539352754,0.8674481371859634,Pearson's product-moment correlation,two.sided,0.28453290001009657
DOM,Bacteria;Proteobacteria;Gammaproteobacteria;Alteromonadales;Alteromonadaceae;Alteromonas;3023,Organobromides,0.5228448040400548,1.73484284105729,0.12098875389919497,8,-0.1591845457194389,0.8670432174185607,Pearson's product-moment correlation,two.sided,0.28453290001009657
DOM,Bacteria;Proteobacteria;Gammaproteobacteria;Alteromonadales;Alteromonadaceae;Alteromonas;592,Organobromides,-0.7096971095962965,-2.8492644618137173,0.02150336668706478,8,-0.9256861430190391,-0.1447526632914611,Pearson's product-moment correlation,two.sided,0.11663590099721007
DOM,Bacteria;Proteobacteria;Gammaproteobacteria;Betaproteobacteriales;Burkholderiaceae;Limnobacter;45,Organobromides,0.8388500585569293,4.3585406188820786,0.002417378711571477,8,0.44342292123199645,0.9609428203933458,Pearson's product-moment correlation,two.sided,0.030044563986674072
DOM,Bacteria;Proteobacteria;Gammaproteobacteria;Betaproteobacteriales;Methylophilaceae;OM43 clade;3485,Organobromides,0.848517999971366,4.535380160160859,0.0019107799191493734,8,0.46997605302073914,0.9634316596167041,Pearson's product-moment correlation,two.sided,0.02779944168880478
DOM,Bacteria;Proteobacteria;Gammaproteobacteria;Cellvibrionales;Cellvibrionaceae;Umboniibacter;uncultured bacterium;7259,Organobromides,-0.7185309859537393,-2.9221096968022784,0.01922904630400921,8,-0.9282234309146603,-0.1623551145639886,Pearson's product-moment correlation,two.sided,0.11458404304443845
DOM,Bacteria;Proteobacteria;Gammaproteobacteria;Oceanospirillales;Marinomonadaceae;Marinomonas;3263,Organobromides,-0.7254124939328539,-2.9808709124871133,0.017577036606509788,8,-0.9301865292874271,-0.1763170107976462,Pearson's product-moment correlation,two.sided,0.1089553420852162
DOM,Bacteria;Proteobacteria;Gammaproteobacteria;Oceanospirillales;Marinomonadaceae;Marinomonas;6323,Organobromides,-0.19705814558683468,-0.5685121014502974,0.5852879729843737,8,-0.7354366241971041,0.4938404118602493,Pearson's product-moment correlation,two.sided,0.6871802111962283
DOM,Bacteria;Proteobacteria;Gammaproteobacteria;Oceanospirillales;Nitrincolaceae;Neptuniibacter;5936,Organobromides,0.6294409824058058,2.291141958718807,0.051173551999899064,8,-3.0697672607127156e-4,0.9017087473397315,Pearson's product-moment correlation,two.sided,0.1839710340492239
DOM,Bacteria;Proteobacteria;Gammaproteobacteria;Oceanospirillales;Oleiphilaceae;Oleiphilus;2747,Organobromides,0.7749277722236579,3.4678070236458858,0.008469998054195854,8,0.28374477918032437,0.9439747304575162,Pearson's product-moment correlation,two.sided,0.06766572551404752
DOM,Bacteria;Proteobacteria;Gammaproteobacteria;Oceanospirillales;Pseudohongiellaceae;Pseudohongiella;4940,Organobromides,0.8055865839229338,3.8457844862587294,0.004906766757811165,8,0.3570756688415454,0.9522261595490127,Pearson's product-moment correlation,two.sided,0.044467573742663684
DOM,Bacteria;Bacteroidetes;Bacteroidia;Flavobacteriales;Flavobacteriaceae;2568,Organohalogen.compounds,-0.6629545898732696,-2.5046345752120742,0.0366762328798906,8,-0.9119291987485074,-0.05720746674146769,Pearson's product-moment correlation,two.sided,0.15489476992963508
DOM,Bacteria;Bacteroidetes;Bacteroidia;Flavobacteriales;Flavobacteriaceae;Maribacter;2321,Organohalogen.compounds,0.04922375453201845,0.13939478016311507,0.8925835568022755,8,-0.5989660431501221,0.6584432074222374,Pearson's product-moment correlation,two.sided,0.9355996318288912
DOM,Bacteria;Bacteroidetes;Bacteroidia;Flavobacteriales;Flavobacteriaceae;Polaribacter 4;7037,Organohalogen.compounds,0.4286161321697987,1.341812224423845,0.2164940914538237,8,-0.27530660942290464,0.8333483804911982,Pearson's product-moment correlation,two.sided,0.38282491781468825
DOM,Bacteria;Bacteroidetes;Bacteroidia;Flavobacteriales;Flavobacteriaceae;Winogradskyella;1626,Organohalogen.compounds,0.17007214518065933,0.4881482001053248,0.6385425926323425,8,-0.5146655140345937,0.7223480473933902,Pearson's product-moment correlation,two.sided,0.7327066531652419
DOM,Bacteria;Bacteroidetes;Bacteroidia;Flavobacteriales;Flavobacteriaceae;Winogradskyella;7920,Organohalogen.compounds,-0.7477526968052144,-3.185295478475468,0.012894317238031801,8,-0.936479831190366,-0.22321893396270176,Pearson's product-moment correlation,two.sided,0.09348379997573056
DOM,Bacteria;Proteobacteria;Alphaproteobacteria;Caulobacterales;Hyphomonadaceae;Hyphomonas;9037,Organohalogen.compounds,0.759154441849954,3.298783592104069,0.01087856488587795,8,0.24813040762324196,0.9396455682949313,Pearson's product-moment correlation,two.sided,0.08229870826707666
DOM,Bacteria;Proteobacteria;Alphaproteobacteria;Caulobacterales;Hyphomonadaceae;Litorimonas;uncultured marine bacterium;4616,Organohalogen.compounds,0.04662818144355115,0.13202801809139988,0.898222329196775,8,-0.6006316610846384,0.6569670274507193,Pearson's product-moment correlation,two.sided,0.9369945160685782
DOM,Bacteria;Proteobacteria;Alphaproteobacteria;Rhodobacterales;Rhodobacteraceae;1503,Organohalogen.compounds,0.42893821204476634,1.3430477550371374,0.21611107112713993,8,-0.27494184740055405,0.8334689132934635,Pearson's product-moment correlation,two.sided,0.38282491781468825
DOM,Bacteria;Proteobacteria;Alphaproteobacteria;Rhodobacterales;Rhodobacteraceae;3349,Organohalogen.compounds,0.15195404789900088,0.43484051044543864,0.6751698884471251,8,-0.5282081820809672,0.7133327607013318,Pearson's product-moment correlation,two.sided,0.7658380742490206
DOM,Bacteria;Proteobacteria;Alphaproteobacteria;Rhodobacterales;Rhodobacteraceae;6355,Organohalogen.compounds,-0.1352185625861301,-0.38600096201471223,0.7095585748206249,8,-0.7048370370479436,0.5404173368635699,Pearson's product-moment correlation,two.sided,0.7965367227018628
DOM,Bacteria;Proteobacteria;Alphaproteobacteria;Rhodobacterales;Rhodobacteraceae;8714,Organohalogen.compounds,0.6030805440698648,2.1384123114710025,0.0649367649970503,8,-0.04279608926542317,0.8934501054742732,Pearson's product-moment correlation,two.sided,0.20773906847598342
DOM,Bacteria;Proteobacteria;Alphaproteobacteria;Rhodobacterales;Rhodobacteraceae;Jannaschia;uncultured Thalassobacter sp.;6889,Organohalogen.compounds,-0.7371517402876001,-3.0855348630520956,0.014990627553409701,8,-0.9335085858471599,-0.20065587659769055,Pearson's product-moment correlation,two.sided,0.09989101791847475
DOM,Bacteria;Proteobacteria;Alphaproteobacteria;Rhodobacterales;Rhodobacteraceae;Pseudophaeobacter;2713,Organohalogen.compounds,0.4562251025760056,1.4501079610810441,0.1850751586332994,8,-0.2432851908736829,0.8435426580331395,Pearson's product-moment correlation,two.sided,0.3634658871579469
DOM,Bacteria;Proteobacteria;Alphaproteobacteria;Rhodobacterales;Rhodobacteraceae;Sulfitobacter;4056,Organohalogen.compounds,-0.12608997336241448,-0.3595055833240215,0.7285217134318243,8,-0.7001330190180065,0.5469591773364785,Pearson's product-moment correlation,two.sided,0.8094685704798048
DOM,Bacteria;Proteobacteria;Gammaproteobacteria;Alteromonadales;Alteromonadaceae;3399,Organohalogen.compounds,0.3306416162581241,0.9909291497140289,0.3507414356181868,8,-0.37759204419484677,0.794804908195405,Pearson's product-moment correlation,two.sided,0.4923998437694613
DOM,Bacteria;Proteobacteria;Gammaproteobacteria;Alteromonadales;Alteromonadaceae;376,Organohalogen.compounds,-0.1329716321822917,-0.3794703270134156,0.7142133228844499,8,-0.7036838092999477,0.5420351738030663,Pearson's product-moment correlation,two.sided,0.7986116831258255
DOM,Bacteria;Proteobacteria;Gammaproteobacteria;Alteromonadales;Alteromonadaceae;4531,Organohalogen.compounds,-0.7034273103266889,-2.7992187484650977,0.023225797018439014,8,-0.9238734470286024,-0.132472669942759,Pearson's product-moment correlation,two.sided,0.12078816050618453
DOM,Bacteria;Proteobacteria;Gammaproteobacteria;Alteromonadales;Alteromonadaceae;493,Organohalogen.compounds,-0.5540006625575586,-1.8821861399488353,0.09658020262973628,8,-0.8775320395288851,0.11613512376979647,Pearson's product-moment correlation,two.sided,0.2553944568020382
DOM,Bacteria;Proteobacteria;Gammaproteobacteria;Alteromonadales;Alteromonadaceae;Alteromonas;2666,Organohalogen.compounds,0.40493462033298705,1.2526204655479993,0.24571921232526442,8,-0.30158236087798457,0.8243792570833434,Pearson's product-moment correlation,two.sided,0.41386684190778233
DOM,Bacteria;Proteobacteria;Gammaproteobacteria;Alteromonadales;Alteromonadaceae;Alteromonas;3023,Organohalogen.compounds,0.4028692224196303,1.2449897100500287,0.2483671950344984,8,-0.30382424114170536,0.823586894179802,Pearson's product-moment correlation,two.sided,0.4163353391937991
DOM,Bacteria;Proteobacteria;Gammaproteobacteria;Alteromonadales;Alteromonadaceae;Alteromonas;592,Organohalogen.compounds,-0.5624661366608683,-1.9241114847759142,0.09053953873053547,8,-0.8803294931925806,0.10398619645488658,Pearson's product-moment correlation,two.sided,0.2500615831605265
DOM,Bacteria;Proteobacteria;Gammaproteobacteria;Betaproteobacteriales;Burkholderiaceae;Limnobacter;45,Organohalogen.compounds,0.6876220876866608,2.678656670179648,0.027984204160494106,8,0.10227540944121778,0.9192595898615752,Pearson's product-moment correlation,two.sided,0.1352569867757215
DOM,Bacteria;Proteobacteria;Gammaproteobacteria;Betaproteobacteriales;Methylophilaceae;OM43 clade;3485,Organohalogen.compounds,0.6583057075553473,2.4735543308648684,0.03849653668600458,8,0.04898163993977031,0.9105296717716589,Pearson's product-moment correlation,two.sided,0.15798107036237727
DOM,Bacteria;Proteobacteria;Gammaproteobacteria;Cellvibrionales;Cellvibrionaceae;Umboniibacter;uncultured bacterium;7259,Organohalogen.compounds,-0.6798604362639195,-2.622155765779104,0.030548019331069213,8,-0.9169702675398003,-0.08783082351886387,Pearson's product-moment correlation,two.sided,0.1436582530704336
DOM,Bacteria;Proteobacteria;Gammaproteobacteria;Oceanospirillales;Marinomonadaceae;Marinomonas;3263,Organohalogen.compounds,-0.7076573336276402,-2.832836696211206,0.02205371381820205,8,-0.9250974987563347,-0.1407383786214815,Pearson's product-moment correlation,two.sided,0.11778737643100733
DOM,Bacteria;Proteobacteria;Gammaproteobacteria;Oceanospirillales;Marinomonadaceae;Marinomonas;6323,Organohalogen.compounds,-0.0475811925636808,-0.13473253729873735,0.8961514640684434,8,-0.6575095775889811,0.6000207516555909,Pearson's product-moment correlation,two.sided,0.9359565110918916
DOM,Bacteria;Proteobacteria;Gammaproteobacteria;Oceanospirillales;Nitrincolaceae;Neptuniibacter;5936,Organohalogen.compounds,0.49315764440678134,1.6033985319544812,0.14751429880656977,8,-0.19792552602226895,0.8567566891816492,Pearson's product-moment correlation,two.sided,0.31383829773234484
DOM,Bacteria;Proteobacteria;Gammaproteobacteria;Oceanospirillales;Oleiphilaceae;Oleiphilus;2747,Organohalogen.compounds,0.6738927283015863,2.5798336949418297,0.032624755012015096,8,0.07689156318216599,0.9151993912457322,Pearson's product-moment correlation,two.sided,0.14938703610764806
DOM,Bacteria;Proteobacteria;Gammaproteobacteria;Oceanospirillales;Pseudohongiellaceae;Pseudohongiella;4940,Organohalogen.compounds,0.6589443964345972,2.477794319916886,0.03824292037530535,8,0.05010687227046916,0.9107222895637892,Pearson's product-moment correlation,two.sided,0.15768407927258601
DOM,Bacteria;Bacteroidetes;Bacteroidia;Flavobacteriales;Flavobacteriaceae;2568,p.Hydroxybenzoic.acid.esters,0.3237613392484328,0.9678657836350879,0.361457039393356,8,-0.3841794186101997,0.7919497490644559,Pearson's product-moment correlation,two.sided,0.49836390534424674
DOM,Bacteria;Bacteroidetes;Bacteroidia;Flavobacteriales;Flavobacteriaceae;Maribacter;2321,p.Hydroxybenzoic.acid.esters,0.32887322816750797,0.9849846374551106,0.3534800996455259,8,-0.3792920220944063,0.7940730239366504,Pearson's product-moment correlation,two.sided,0.4942271576432956
DOM,Bacteria;Bacteroidetes;Bacteroidia;Flavobacteriales;Flavobacteriaceae;Polaribacter 4;7037,p.Hydroxybenzoic.acid.esters,-0.04764160812378235,-0.1349040009997979,0.8960202017473841,8,-0.6575439509174946,0.5999819979481448,Pearson's product-moment correlation,two.sided,0.9359565110918916
DOM,Bacteria;Bacteroidetes;Bacteroidia;Flavobacteriales;Flavobacteriaceae;Winogradskyella;1626,p.Hydroxybenzoic.acid.esters,0.2600354006343521,0.7616941575173967,0.4681003986752864,8,-0.4419490669952533,0.764494707705314,Pearson's product-moment correlation,two.sided,0.577369742840703
DOM,Bacteria;Bacteroidetes;Bacteroidia;Flavobacteriales;Flavobacteriaceae;Winogradskyella;7920,p.Hydroxybenzoic.acid.esters,0.32602124288109446,0.9754220015294762,0.3579195143584783,8,-0.3820236423226632,0.7928898214346417,Pearson's product-moment correlation,two.sided,0.4972587996405448
DOM,Bacteria;Proteobacteria;Alphaproteobacteria;Caulobacterales;Hyphomonadaceae;Hyphomonas;9037,p.Hydroxybenzoic.acid.esters,-0.7863931721807758,-3.6007140825160513,0.006975061281084329,8,-0.9470854382194783,-0.310511733873856,Pearson's product-moment correlation,two.sided,0.057793364900413015
DOM,Bacteria;Proteobacteria;Alphaproteobacteria;Caulobacterales;Hyphomonadaceae;Litorimonas;uncultured marine bacterium;4616,p.Hydroxybenzoic.acid.esters,0.33053539419144495,0.99057174988354,0.350905635789731,8,-0.3776942920056333,0.7947609840625985,Pearson's product-moment correlation,two.sided,0.4923998437694613
DOM,Bacteria;Proteobacteria;Alphaproteobacteria;Rhodobacterales;Rhodobacteraceae;1503,p.Hydroxybenzoic.acid.esters,-0.2911034680947302,-0.8606378129051705,0.41448509302267245,8,-0.778112356195397,0.41449393293702613,Pearson's product-moment correlation,two.sided,0.5423512841312809
DOM,Bacteria;Proteobacteria;Alphaproteobacteria;Rhodobacterales;Rhodobacteraceae;3349,p.Hydroxybenzoic.acid.esters,0.13255433510350068,0.3782581248200718,0.7150787369597909,8,-0.54233508652579,0.7034693016998215,Pearson's product-moment correlation,two.sided,0.7986116831258255
DOM,Bacteria;Proteobacteria;Alphaproteobacteria;Rhodobacterales;Rhodobacteraceae;6355,p.Hydroxybenzoic.acid.esters,0.4804234247102933,1.5493566931515912,0.15988970107255615,8,-0.21390701462278372,0.8522538302513943,Pearson's product-moment correlation,two.sided,0.33163866069659403
DOM,Bacteria;Proteobacteria;Alphaproteobacteria;Rhodobacterales;Rhodobacteraceae;8714,p.Hydroxybenzoic.acid.esters,-0.35694579533082527,-1.0807922530509835,0.3112909564048942,8,-0.8055343286403563,0.3517289303011767,Pearson's product-moment correlation,two.sided,0.45747150687881405
DOM,Bacteria;Proteobacteria;Alphaproteobacteria;Rhodobacterales;Rhodobacteraceae;Jannaschia;uncultured Thalassobacter sp.;6889,p.Hydroxybenzoic.acid.esters,0.6618793693474451,2.497400845987314,0.03709195943417887,8,0.055297610309460433,0.9116060221020134,Pearson's product-moment correlation,two.sided,0.15541394612139572
DOM,Bacteria;Proteobacteria;Alphaproteobacteria;Rhodobacterales;Rhodobacteraceae;Pseudophaeobacter;2713,p.Hydroxybenzoic.acid.esters,-0.32859491803281116,-0.9840501466985064,0.35391209104801513,8,-0.7939577165005065,0.3795591310767263,Pearson's product-moment correlation,two.sided,0.4942271576432956
DOM,Bacteria;Proteobacteria;Alphaproteobacteria;Rhodobacterales;Rhodobacteraceae;Sulfitobacter;4056,p.Hydroxybenzoic.acid.esters,0.4848936236145204,1.5681779121689408,0.15547673258169725,8,-0.20833891934176207,0.8538408071723862,Pearson's product-moment correlation,two.sided,0.3275175722665293
DOM,Bacteria;Proteobacteria;Gammaproteobacteria;Alteromonadales;Alteromonadaceae;3399,p.Hydroxybenzoic.acid.esters,-0.3890763975956169,-1.1946023413767533,0.2664553950038818,8,-0.8182530196495514,0.31859763645424316,Pearson's product-moment correlation,two.sided,0.4286268949009666
DOM,Bacteria;Proteobacteria;Gammaproteobacteria;Alteromonadales;Alteromonadaceae;376,p.Hydroxybenzoic.acid.esters,0.4819676282269636,1.5558404362236562,0.15835684640759484,8,-0.21198863674248986,0.8528028167832451,Pearson's product-moment correlation,two.sided,0.3311789816697296
DOM,Bacteria;Proteobacteria;Gammaproteobacteria;Alteromonadales;Alteromonadaceae;4531,p.Hydroxybenzoic.acid.esters,0.32573330127487204,0.9744582036176379,0.3583692728443927,8,-0.3822987457523975,0.792770167190189,Pearson's product-moment correlation,two.sided,0.4972587996405448
DOM,Bacteria;Proteobacteria;Gammaproteobacteria;Alteromonadales;Alteromonadaceae;493,p.Hydroxybenzoic.acid.esters,0.44822644681625656,1.418220614824214,0.19388306150825615,8,-0.2527217674753955,0.8406176913951188,Pearson's product-moment correlation,two.sided,0.36909904488442635
DOM,Bacteria;Proteobacteria;Gammaproteobacteria;Alteromonadales;Alteromonadaceae;Alteromonas;2666,p.Hydroxybenzoic.acid.esters,-0.8429339735638559,-4.431416138666545,0.002192866932071939,8,-0.9619965662713773,-0.4545554122818133,Pearson's product-moment correlation,two.sided,0.029198658563415844
DOM,Bacteria;Proteobacteria;Gammaproteobacteria;Alteromonadales;Alteromonadaceae;Alteromonas;3023,p.Hydroxybenzoic.acid.esters,-0.8397600375529645,-4.374558104060819,0.002365980262309324,8,-0.9611779232519231,-0.445892947041882,Pearson's product-moment correlation,two.sided,0.030044563986674072
DOM,Bacteria;Proteobacteria;Gammaproteobacteria;Alteromonadales;Alteromonadaceae;Alteromonas;592,p.Hydroxybenzoic.acid.esters,0.5307202203327289,1.7711151481461438,0.11449134097729405,8,-0.14854228955686913,0.8697236566348664,Pearson's product-moment correlation,two.sided,0.28223981519409475
DOM,Bacteria;Proteobacteria;Gammaproteobacteria;Betaproteobacteriales;Burkholderiaceae;Limnobacter;45,p.Hydroxybenzoic.acid.esters,-0.7113247282411209,-2.8624762731323363,0.021071075261677175,8,-0.9261550966760235,-0.14796921726694484,Pearson's product-moment correlation,two.sided,0.11663590099721007
DOM,Bacteria;Proteobacteria;Gammaproteobacteria;Betaproteobacteriales;Methylophilaceae;OM43 clade;3485,p.Hydroxybenzoic.acid.esters,-0.9721006762218226,-11.721814902771618,2.562938112762211e-6,8,-0.9935900805257379,-0.882802779682838,Pearson's product-moment correlation,two.sided,4.459512316206247e-4
DOM,Bacteria;Proteobacteria;Gammaproteobacteria;Cellvibrionales;Cellvibrionaceae;Umboniibacter;uncultured bacterium;7259,p.Hydroxybenzoic.acid.esters,0.3247548901215629,0.9711855305417842,0.35989964519122536,8,-0.38323259651857583,0.7923633189174342,Pearson's product-moment correlation,two.sided,0.4977944218066233
DOM,Bacteria;Proteobacteria;Gammaproteobacteria;Oceanospirillales;Marinomonadaceae;Marinomonas;3263,p.Hydroxybenzoic.acid.esters,0.32585395734327133,0.9748620265656553,0.35818077622329725,8,-0.38218348453636697,0.7928203102474476,Pearson's product-moment correlation,two.sided,0.4972587996405448
DOM,Bacteria;Proteobacteria;Gammaproteobacteria;Oceanospirillales;Marinomonadaceae;Marinomonas;6323,p.Hydroxybenzoic.acid.esters,0.3646668548558616,1.107712882928909,0.30017598525100353,8,-0.34392622940914747,0.8086288613600966,Pearson's product-moment correlation,two.sided,0.45013268541619916
DOM,Bacteria;Proteobacteria;Gammaproteobacteria;Oceanospirillales;Nitrincolaceae;Neptuniibacter;5936,p.Hydroxybenzoic.acid.esters,-0.3976610171896645,-1.2258479379629292,0.2551147131036464,8,-0.8215815162200389,0.30944293545240187,Pearson's product-moment correlation,two.sided,0.4171988729326549
DOM,Bacteria;Proteobacteria;Gammaproteobacteria;Oceanospirillales;Oleiphilaceae;Oleiphilus;2747,p.Hydroxybenzoic.acid.esters,-0.5543083874816602,-1.8836951420688446,0.09635625502190051,8,-0.8776341157824515,0.11569698755815017,Pearson's product-moment correlation,two.sided,0.2553944568020382
DOM,Bacteria;Proteobacteria;Gammaproteobacteria;Oceanospirillales;Pseudohongiellaceae;Pseudohongiella;4940,p.Hydroxybenzoic.acid.esters,-0.6266596618094102,-2.274447552366486,0.05252455830208435,8,-0.9008466448110943,0.004899982592471885,Pearson's product-moment correlation,two.sided,0.18728018738857943
DOM,Bacteria;Bacteroidetes;Bacteroidia;Flavobacteriales;Flavobacteriaceae;2568,Peptidomimetics,-0.5924338865848119,-2.079960779938483,0.07111951846073435,8,-0.8900579353468584,0.05931917549844356,Pearson's product-moment correlation,two.sided,0.21604537078265063
DOM,Bacteria;Bacteroidetes;Bacteroidia;Flavobacteriales;Flavobacteriaceae;Maribacter;2321,Peptidomimetics,0.43786269091675617,1.3775362067506622,0.20565276347732087,8,-0.2647534536827736,0.8367935025762775,Pearson's product-moment correlation,two.sided,0.3782619539646282
DOM,Bacteria;Bacteroidetes;Bacteroidia;Flavobacteriales;Flavobacteriaceae;Polaribacter 4;7037,Peptidomimetics,0.8691348951837855,4.970498293021677,0.0010924186100640676,8,0.5289853447851468,0.9686737026085772,Pearson's product-moment correlation,two.sided,0.02160009524444861
DOM,Bacteria;Bacteroidetes;Bacteroidia;Flavobacteriales;Flavobacteriaceae;Winogradskyella;1626,Peptidomimetics,0.6304564031024488,2.297273047254772,0.050686133503344694,8,0.0013765116896163137,0.9020229501440749,Pearson's product-moment correlation,two.sided,0.18297483878800783
DOM,Bacteria;Bacteroidetes;Bacteroidia;Flavobacteriales;Flavobacteriaceae;Winogradskyella;7920,Peptidomimetics,-0.6274514670752855,-2.279185539125424,0.05213756257080477,8,-0.9010922943985662,0.0035951220261578663,Pearson's product-moment correlation,two.sided,0.18666534747572078
DOM,Bacteria;Proteobacteria;Alphaproteobacteria;Caulobacterales;Hyphomonadaceae;Hyphomonas;9037,Peptidomimetics,0.8087156145059207,3.888802775088306,0.004617024040279548,8,0.3648841929329947,0.9530564274243518,Pearson's product-moment correlation,two.sided,0.04333998931081402
DOM,Bacteria;Proteobacteria;Alphaproteobacteria;Caulobacterales;Hyphomonadaceae;Litorimonas;uncultured marine bacterium;4616,Peptidomimetics,0.43363009240536204,1.361117968334878,0.2105755524833811,8,-0.2696051225133014,0.8352204138018656,Pearson's product-moment correlation,two.sided,0.37929757900733246
DOM,Bacteria;Proteobacteria;Alphaproteobacteria;Rhodobacterales;Rhodobacteraceae;1503,Peptidomimetics,0.6424583265855097,2.37126145477663,0.04515741651755257,8,0.021548636093623532,0.9057150474160659,Pearson's product-moment correlation,two.sided,0.17045051009577095
DOM,Bacteria;Proteobacteria;Alphaproteobacteria;Rhodobacterales;Rhodobacteraceae;3349,Peptidomimetics,0.4486440253158744,1.419874631016142,0.1934172899370878,8,-0.25223239804353004,0.8407709607879243,Pearson's product-moment correlation,two.sided,0.36909904488442635
DOM,Bacteria;Proteobacteria;Alphaproteobacteria;Rhodobacterales;Rhodobacteraceae;6355,Peptidomimetics,-0.4337386792715612,-1.3615377796673513,0.21044841850567478,8,-0.835260853540177,0.2694810980800343,Pearson's product-moment correlation,two.sided,0.37929757900733246
DOM,Bacteria;Proteobacteria;Alphaproteobacteria;Rhodobacterales;Rhodobacteraceae;8714,Peptidomimetics,0.9329484353004824,7.329731084238302,8.15142852118261e-5,8,0.7351639775056876,0.9843555516640144,Pearson's product-moment correlation,two.sided,0.005065530581020622
DOM,Bacteria;Proteobacteria;Alphaproteobacteria;Rhodobacterales;Rhodobacteraceae;Jannaschia;uncultured Thalassobacter sp.;6889,Peptidomimetics,-0.8608044094122453,-4.783947161270784,0.0013836601807894692,8,-0.9665662229804632,-0.5047392712145957,Pearson's product-moment correlation,two.sided,0.023603614848761532
DOM,Bacteria;Proteobacteria;Alphaproteobacteria;Rhodobacterales;Rhodobacteraceae;Pseudophaeobacter;2713,Peptidomimetics,0.6562172943300156,2.459755810078182,0.039333734325779746,8,0.04531307106190294,0.9098990763050108,Pearson's product-moment correlation,two.sided,0.15798116850394606
DOM,Bacteria;Proteobacteria;Alphaproteobacteria;Rhodobacterales;Rhodobacteraceae;Sulfitobacter;4056,Peptidomimetics,-0.42649979453371323,-1.3337092834486306,0.2190205301349727,8,-0.8325554193177683,0.2776983742238134,Pearson's product-moment correlation,two.sided,0.3857244154198912
DOM,Bacteria;Proteobacteria;Gammaproteobacteria;Alteromonadales;Alteromonadaceae;3399,Peptidomimetics,-0.20243711156967084,-0.584684352043989,0.574874520462332,8,-0.737998342733929,0.48959251890125405,Pearson's product-moment correlation,two.sided,0.6786171408442725
DOM,Bacteria;Proteobacteria;Gammaproteobacteria;Alteromonadales;Alteromonadaceae;376,Peptidomimetics,-0.4322220292001038,-1.355680806959668,0.2122281252902269,8,-0.8346956316391514,0.27121125716496786,Pearson's product-moment correlation,two.sided,0.3806978742319534
DOM,Bacteria;Proteobacteria;Gammaproteobacteria;Alteromonadales;Alteromonadaceae;4531,Peptidomimetics,-0.6100772323838838,-2.177795818676805,0.06107193040690611,8,-0.8956614541969596,0.031741718023089595,Pearson's product-moment correlation,two.sided,0.20160330996337658
DOM,Bacteria;Proteobacteria;Gammaproteobacteria;Alteromonadales;Alteromonadaceae;493,Peptidomimetics,-0.19707333936872384,-0.5685577066010997,0.5852584603539396,8,-0.7354438819358446,0.49382845924444907,Pearson's product-moment correlation,two.sided,0.6871802111962283
DOM,Bacteria;Proteobacteria;Gammaproteobacteria;Alteromonadales;Alteromonadaceae;Alteromonas;2666,Peptidomimetics,-0.033575635588635494,-0.09501981255716334,0.926636039340513,8,-0.6494720302203446,0.6089233676440647,Pearson's product-moment correlation,two.sided,0.9529235865558467
DOM,Bacteria;Proteobacteria;Gammaproteobacteria;Alteromonadales;Alteromonadaceae;Alteromonas;3023,Peptidomimetics,-0.034809133542417416,-0.098514799588878,0.9239472163470123,8,-0.6501854838465763,0.6081457426004612,Pearson's product-moment correlation,two.sided,0.9529235865558467
DOM,Bacteria;Proteobacteria;Gammaproteobacteria;Alteromonadales;Alteromonadaceae;Alteromonas;592,Peptidomimetics,-0.13690031195052874,-0.39089287877797074,0.7060803007378055,8,-0.7056982223038919,0.5392031643038284,Pearson's product-moment correlation,two.sided,0.7936561519921069
DOM,Bacteria;Proteobacteria;Gammaproteobacteria;Betaproteobacteriales;Burkholderiaceae;Limnobacter;45,Peptidomimetics,0.7363612332758551,3.078302065273427,0.0151558785807341,8,0.19899586160656552,0.9332859361028082,Pearson's product-moment correlation,two.sided,0.09989101791847475
DOM,Bacteria;Proteobacteria;Gammaproteobacteria;Betaproteobacteriales;Methylophilaceae;OM43 clade;3485,Peptidomimetics,0.38714168904601093,1.1876117395150192,0.26904871631091076,8,-0.3206427542482196,0.8174988845064155,Pearson's product-moment correlation,two.sided,0.4318678656651151
DOM,Bacteria;Proteobacteria;Gammaproteobacteria;Cellvibrionales;Cellvibrionaceae;Umboniibacter;uncultured bacterium;7259,Peptidomimetics,-0.5999805016888863,-2.1212126325441543,0.06669918172469427,8,-0.8924657961101872,0.047643940640215425,Pearson's product-moment correlation,two.sided,0.21058735103743534
DOM,Bacteria;Proteobacteria;Gammaproteobacteria;Oceanospirillales;Marinomonadaceae;Marinomonas;3263,Peptidomimetics,-0.611832280306269,-2.1878006519118305,0.060126807825792966,8,-0.8962139419442061,0.02894398796509335,Pearson's product-moment correlation,two.sided,0.2007191818729957
DOM,Bacteria;Proteobacteria;Gammaproteobacteria;Oceanospirillales;Marinomonadaceae;Marinomonas;6323,Peptidomimetics,0.039965511046370625,0.11312991953723009,0.9127149489935098,8,-0.6048816295486871,0.6531562214110039,Pearson's product-moment correlation,two.sided,0.9464386241053082
DOM,Bacteria;Proteobacteria;Gammaproteobacteria;Oceanospirillales;Nitrincolaceae;Neptuniibacter;5936,Peptidomimetics,0.6630027882663159,2.5049594840182934,0.03665767139296884,8,0.05729318290615737,0.9119436784032495,Pearson's product-moment correlation,two.sided,0.15489476992963508
DOM,Bacteria;Proteobacteria;Gammaproteobacteria;Oceanospirillales;Oleiphilaceae;Oleiphilus;2747,Peptidomimetics,0.8805501341161683,5.254891941456188,7.692541424874557e-4,8,0.5631366735021517,0.971538477864678,Pearson's product-moment correlation,two.sided,0.02160009524444861
DOM,Bacteria;Proteobacteria;Gammaproteobacteria;Oceanospirillales;Pseudohongiellaceae;Pseudohongiella;4940,Peptidomimetics,0.7691281208399002,3.403913552377023,0.009306468870830076,8,0.2704903851626325,0.9423896875913129,Pearson's product-moment correlation,two.sided,0.07229132069305506
DOM,Bacteria;Bacteroidetes;Bacteroidia;Flavobacteriales;Flavobacteriaceae;2568,Phenylketones,0.26535171408477026,0.7784335172031652,0.4587162624822283,8,-0.4373424463225957,0.7668573094850901,Pearson's product-moment correlation,two.sided,0.5717118378034326
DOM,Bacteria;Bacteroidetes;Bacteroidia;Flavobacteriales;Flavobacteriaceae;Maribacter;2321,Phenylketones,0.4495787988710972,1.4235814656932206,0.19237700780837003,8,-0.2511356152810314,0.8411138354718591,Pearson's product-moment correlation,two.sided,0.36909904488442635
DOM,Bacteria;Bacteroidetes;Bacteroidia;Flavobacteriales;Flavobacteriaceae;Polaribacter 4;7037,Phenylketones,0.1150871971513908,0.3276931422396052,0.7515548280616927,8,-0.5547363690519388,0.694396210598433,Pearson's product-moment correlation,two.sided,0.8287106469121327
DOM,Bacteria;Bacteroidetes;Bacteroidia;Flavobacteriales;Flavobacteriaceae;Winogradskyella;1626,Phenylketones,0.40495224943648506,1.2526856958794954,0.2456966787782298,8,-0.30156319173253393,0.824386013190409,Pearson's product-moment correlation,two.sided,0.41386684190778233
DOM,Bacteria;Bacteroidetes;Bacteroidia;Flavobacteriales;Flavobacteriaceae;Winogradskyella;7920,Phenylketones,0.26235597026886276,0.7689916251617666,0.46399384105280617,8,-0.4399428213264564,0.7655276522792125,Pearson's product-moment correlation,two.sided,0.5750351021594606
DOM,Bacteria;Proteobacteria;Alphaproteobacteria;Caulobacterales;Hyphomonadaceae;Hyphomonas;9037,Phenylketones,-0.6785679448834069,-2.612908961347516,0.030989935880260635,8,-0.9165875206449563,-0.08544941248189374,Pearson's product-moment correlation,two.sided,0.14463141802210167
DOM,Bacteria;Proteobacteria;Alphaproteobacteria;Caulobacterales;Hyphomonadaceae;Litorimonas;uncultured marine bacterium;4616,Phenylketones,0.4461811796466852,1.4101361072141292,0.1961738358975171,8,-0.25511349219875973,0.8398660809839149,Pearson's product-moment correlation,two.sided,0.3698861169483616
DOM,Bacteria;Proteobacteria;Alphaproteobacteria;Rhodobacterales;Rhodobacteraceae;1503,Phenylketones,-0.22680479486547886,-0.658665500740519,0.5286078748562135,8,-0.7494131944838677,0.46992833573764314,Pearson's product-moment correlation,two.sided,0.6343294498274562
DOM,Bacteria;Proteobacteria;Alphaproteobacteria;Rhodobacterales;Rhodobacteraceae;3349,Phenylketones,0.26041104648806673,0.762874481811414,0.46743455670617995,8,-0.4416247785207372,0.7646620931473004,Pearson's product-moment correlation,two.sided,0.577369742840703
DOM,Bacteria;Proteobacteria;Alphaproteobacteria;Rhodobacterales;Rhodobacteraceae;6355,Phenylketones,0.3747424821770302,1.1432409832589596,0.28599427675137234,8,-0.333594736600764,0.812630473084007,Pearson's product-moment correlation,two.sided,0.4413663254611139
DOM,Bacteria;Proteobacteria;Alphaproteobacteria;Rhodobacterales;Rhodobacteraceae;8714,Phenylketones,-0.21979653706547445,-0.6372622673232898,0.5417574624147945,8,-0.7461617511348,0.4756555881860218,Pearson's product-moment correlation,two.sided,0.64565615383681
DOM,Bacteria;Proteobacteria;Alphaproteobacteria;Rhodobacterales;Rhodobacteraceae;Jannaschia;uncultured Thalassobacter sp.;6889,Phenylketones,0.5275003645744939,1.756209643055737,0.11712075742388711,8,-0.15291246161525046,0.8686301732967492,Pearson's product-moment correlation,two.sided,0.28453290001009657
DOM,Bacteria;Proteobacteria;Alphaproteobacteria;Rhodobacterales;Rhodobacteraceae;Pseudophaeobacter;2713,Phenylketones,-0.2610130551195816,-0.7647668404352989,0.4663683550729293,8,-0.7649302026091621,0.4411046922118444,Pearson's product-moment correlation,two.sided,0.5771557168043363
DOM,Bacteria;Proteobacteria;Alphaproteobacteria;Rhodobacterales;Rhodobacteraceae;Sulfitobacter;4056,Phenylketones,0.3839843158969382,1.1762428867852985,0.27331043225374174,8,-0.3239661987187323,0.8162649861181454,Pearson's product-moment correlation,two.sided,0.43523668537485666
DOM,Bacteria;Proteobacteria;Gammaproteobacteria;Alteromonadales;Alteromonadaceae;3399,Phenylketones,-0.45243058757045196,-1.4349265421136943,0.18922361715575595,8,-0.8421579298201778,0.2477784170870158,Pearson's product-moment correlation,two.sided,0.36898203960529424
DOM,Bacteria;Proteobacteria;Gammaproteobacteria;Alteromonadales;Alteromonadaceae;376,Phenylketones,0.3774327639056709,1.152806073143067,0.2822698916471026,8,-0.3308070518497955,0.8136919997993056,Pearson's product-moment correlation,two.sided,0.4411744468988202
DOM,Bacteria;Proteobacteria;Gammaproteobacteria;Alteromonadales;Alteromonadaceae;4531,Phenylketones,0.26476469181139356,0.7765814598979758,0.4597482940354817,8,-0.4378529226245124,0.7665970990587131,Pearson's product-moment correlation,two.sided,0.5717118378034326
DOM,Bacteria;Proteobacteria;Gammaproteobacteria;Alteromonadales;Alteromonadaceae;493,Phenylketones,0.49599515903645847,1.6156228365892729,0.14483878361658642,8,-0.19431366661784208,0.8577525467682926,Pearson's product-moment correlation,two.sided,0.309606245077224
DOM,Bacteria;Proteobacteria;Gammaproteobacteria;Alteromonadales;Alteromonadaceae;Alteromonas;2666,Phenylketones,-0.8751416955138903,-5.115612118279856,9.121093184500375e-4,8,-0.9701844825443162,-0.5468197810060921,Pearson's product-moment correlation,two.sided,0.02160009524444861
DOM,Bacteria;Proteobacteria;Gammaproteobacteria;Alteromonadales;Alteromonadaceae;Alteromonas;3023,Phenylketones,-0.8701611046236918,-4.994623361254007,0.0010599231966107116,8,-0.9689323290857058,-0.5320110697670634,Pearson's product-moment correlation,two.sided,0.02160009524444861
DOM,Bacteria;Proteobacteria;Gammaproteobacteria;Alteromonadales;Alteromonadaceae;Alteromonas;592,Phenylketones,0.5855921268981938,2.0432922295174567,0.07528812803428839,8,-0.06975204618298839,0.8878605204718324,Pearson's product-moment correlation,two.sided,0.22171363656113308
DOM,Bacteria;Proteobacteria;Gammaproteobacteria;Betaproteobacteriales;Burkholderiaceae;Limnobacter;45,Phenylketones,-0.6365077514984246,-2.334221581501658,0.04784533681193942,8,-0.9038894781098191,-0.01148366984122795,Pearson's product-moment correlation,two.sided,0.17712954479313742
DOM,Bacteria;Proteobacteria;Gammaproteobacteria;Betaproteobacteriales;Methylophilaceae;OM43 clade;3485,Phenylketones,-0.9561244433875231,-9.231023468342327,1.5375067623672718e-5,8,-0.9898562165371485,-0.8203493520172164,Pearson's product-moment correlation,two.sided,0.0012893222603887198
DOM,Bacteria;Proteobacteria;Gammaproteobacteria;Cellvibrionales;Cellvibrionaceae;Umboniibacter;uncultured bacterium;7259,Phenylketones,0.26526674163258457,0.778165371245047,0.45886558661248944,8,-0.43741636665888217,0.7668196537946476,Pearson's product-moment correlation,two.sided,0.5717118378034326
DOM,Bacteria;Proteobacteria;Gammaproteobacteria;Oceanospirillales;Marinomonadaceae;Marinomonas;3263,Phenylketones,0.26462272957393584,0.7761337080659063,0.45999803041655496,8,-0.4379763054147597,0.7665341464424928,Pearson's product-moment correlation,two.sided,0.5717118378034326
DOM,Bacteria;Proteobacteria;Gammaproteobacteria;Oceanospirillales;Marinomonadaceae;Marinomonas;6323,Phenylketones,0.39884898602213864,1.2302015719120631,0.25356678895508783,8,-0.30816566775138166,0.8220398595977999,Pearson's product-moment correlation,two.sided,0.41637989221038724
DOM,Bacteria;Proteobacteria;Gammaproteobacteria;Oceanospirillales;Nitrincolaceae;Neptuniibacter;5936,Phenylketones,-0.33319148454266095,-0.999521298521289,0.34681147141698365,8,-0.7958578525858586,0.3751323837743231,Pearson's product-moment correlation,two.sided,0.4898149028129477
DOM,Bacteria;Proteobacteria;Gammaproteobacteria;Oceanospirillales;Oleiphilaceae;Oleiphilus;2747,Phenylketones,-0.4371778343627513,-1.3748720277993405,0.20644473624076243,8,-0.836539414436797,0.2655408986042299,Pearson's product-moment correlation,two.sided,0.3788659045783929
DOM,Bacteria;Proteobacteria;Gammaproteobacteria;Oceanospirillales;Pseudohongiellaceae;Pseudohongiella;4940,Phenylketones,-0.541230743557975,-1.8205242415706366,0.1061668375711907,8,-0.8732700817031425,0.1340897318786234,Pearson's product-moment correlation,two.sided,0.269403597090211
DOM,Bacteria;Bacteroidetes;Bacteroidia;Flavobacteriales;Flavobacteriaceae;2568,Primary.carboxylic.acid.amides,-0.6239810659432298,-2.258505057674552,0.05384784656910052,8,-0.9000143338613682,0.009298304999570675,Pearson's product-moment correlation,two.sided,0.18912259648505703
DOM,Bacteria;Bacteroidetes;Bacteroidia;Flavobacteriales;Flavobacteriaceae;Maribacter;2321,Primary.carboxylic.acid.amides,0.5530922680924832,1.8777380976272995,0.09724321888908485,8,-0.11742696885103791,0.8772305424525323,Pearson's product-moment correlation,two.sided,0.25636848616213276
DOM,Bacteria;Bacteroidetes;Bacteroidia;Flavobacteriales;Flavobacteriaceae;Polaribacter 4;7037,Primary.carboxylic.acid.amides,0.889302158873052,5.500143925759085,5.736470446770823e-4,8,0.5900758856183409,0.9737170124418923,Pearson's product-moment correlation,two.sided,0.01919511264881006
DOM,Bacteria;Bacteroidetes;Bacteroidia;Flavobacteriales;Flavobacteriaceae;Winogradskyella;1626,Primary.carboxylic.acid.amides,0.7094464217416837,2.847237763658988,0.0215704879177714,8,0.1442583045206414,0.9256138551462995,Pearson's product-moment correlation,two.sided,0.11663590099721007
DOM,Bacteria;Bacteroidetes;Bacteroidia;Flavobacteriales;Flavobacteriaceae;Winogradskyella;7920,Primary.carboxylic.acid.amides,-0.6708505649412367,-2.558617826572659,0.03371941094897869,8,-0.9142930498190016,-0.07136981540188328,Pearson's product-moment correlation,two.sided,0.14967289553883398
DOM,Bacteria;Proteobacteria;Alphaproteobacteria;Caulobacterales;Hyphomonadaceae;Hyphomonas;9037,Primary.carboxylic.acid.amides,0.7051959950564408,2.8132024639920097,0.022730631792956178,8,0.13591914827444374,0.9243858047391608,Pearson's product-moment correlation,two.sided,0.11973261351627651
DOM,Bacteria;Proteobacteria;Alphaproteobacteria;Caulobacterales;Hyphomonadaceae;Litorimonas;uncultured marine bacterium;4616,Primary.carboxylic.acid.amides,0.5491198089370961,1.8583992554158089,0.1001765770319439,8,-0.12304974343332271,0.8759090682649806,Pearson's product-moment correlation,two.sided,0.26251090969214214
DOM,Bacteria;Proteobacteria;Alphaproteobacteria;Rhodobacterales;Rhodobacteraceae;1503,Primary.carboxylic.acid.amides,0.4993237267479219,1.6300502187861543,0.14173822532785396,8,-0.19005275615385053,0.8589172944157238,Pearson's product-moment correlation,two.sided,0.30674690556028095
DOM,Bacteria;Proteobacteria;Alphaproteobacteria;Rhodobacterales;Rhodobacteraceae;3349,Primary.carboxylic.acid.amides,0.5657560810150152,1.9406414262853584,0.08825883794044277,8,-0.09921046664173985,0.8814107367243039,Pearson's product-moment correlation,two.sided,0.24635481739610451
DOM,Bacteria;Proteobacteria;Alphaproteobacteria;Rhodobacterales;Rhodobacteraceae;6355,Primary.carboxylic.acid.amides,-0.35901738245063647,-1.0879898349050883,0.30828781945919176,8,-0.8063670113541151,0.3496450601188594,Pearson's product-moment correlation,two.sided,0.45614014103655925
DOM,Bacteria;Proteobacteria;Alphaproteobacteria;Rhodobacterales;Rhodobacteraceae;8714,Primary.carboxylic.acid.amides,0.8425600372138412,4.424635883048238,0.002212770921098825,8,0.4535310142869375,0.9619002291785763,Pearson's product-moment correlation,two.sided,0.029198658563415844
DOM,Bacteria;Proteobacteria;Alphaproteobacteria;Rhodobacterales;Rhodobacteraceae;Jannaschia;uncultured Thalassobacter sp.;6889,Primary.carboxylic.acid.amides,-0.8302240021149077,-4.212597922106034,0.0029454102066760217,8,-0.9587053984345169,-0.4203031116691691,Pearson's product-moment correlation,two.sided,0.0351028339699745
DOM,Bacteria;Proteobacteria;Alphaproteobacteria;Rhodobacterales;Rhodobacteraceae;Pseudophaeobacter;2713,Primary.carboxylic.acid.amides,0.5102405699672511,1.6780523710463227,0.13185585131292313,8,-0.17589339898235298,0.862711433873177,Pearson's product-moment correlation,two.sided,0.297959975694138
DOM,Bacteria;Proteobacteria;Alphaproteobacteria;Rhodobacterales;Rhodobacteraceae;Sulfitobacter;4056,Primary.carboxylic.acid.amides,-0.3451096931628104,-1.0400136005117846,0.3287419583175221,8,-0.800742536273425,0.36350200952306655,Pearson's product-moment correlation,two.sided,0.4730941556052112
DOM,Bacteria;Proteobacteria;Gammaproteobacteria;Alteromonadales;Alteromonadaceae;3399,Primary.carboxylic.acid.amides,-0.10951954636845694,-0.3116426979671753,0.7632789489180878,8,-0.6914649239987702,0.5586277019100793,Pearson's product-moment correlation,two.sided,0.8376210576963405
DOM,Bacteria;Proteobacteria;Gammaproteobacteria;Alteromonadales;Alteromonadaceae;376,Primary.carboxylic.acid.amides,-0.35571836438896187,-1.0765362652496415,0.31307756223195543,8,-0.8050401205934337,0.3529603341876358,Pearson's product-moment correlation,two.sided,0.4574717477724922
DOM,Bacteria;Proteobacteria;Gammaproteobacteria;Alteromonadales;Alteromonadaceae;4531,Primary.carboxylic.acid.amides,-0.647102777648619,-2.4006773096637857,0.043131115580457485,8,-0.9071331590745707,-0.029492825507889606,Pearson's product-moment correlation,two.sided,0.16677364691110227
DOM,Bacteria;Proteobacteria;Gammaproteobacteria;Alteromonadales;Alteromonadaceae;493,Primary.carboxylic.acid.amides,-0.14261721892039636,-0.4075484032547436,0.6942932420252477,8,-0.7086132054290538,0.5350546050346346,Pearson's product-moment correlation,two.sided,0.782428912645033
DOM,Bacteria;Proteobacteria;Gammaproteobacteria;Alteromonadales;Alteromonadaceae;Alteromonas;2666,Primary.carboxylic.acid.amides,-0.03840533037728001,-0.10870687741666268,0.9161121448041958,8,-0.6522593436115844,0.605871553736026,Pearson's product-moment correlation,two.sided,0.9477022187629612
DOM,Bacteria;Proteobacteria;Gammaproteobacteria;Alteromonadales;Alteromonadaceae;Alteromonas;3023,Primary.carboxylic.acid.amides,-0.03593300663381791,-0.10169956811729017,0.9214979606676079,8,-0.6508345870994836,0.6074361515870701,Pearson's product-moment correlation,two.sided,0.9521415983145118
DOM,Bacteria;Proteobacteria;Gammaproteobacteria;Alteromonadales;Alteromonadaceae;Alteromonas;592,Primary.carboxylic.acid.amides,-0.0777958746022902,-0.2207088624134687,0.8308477434542436,8,-0.6743890298511462,0.580252546767376,Pearson's product-moment correlation,two.sided,0.8850592486952981
DOM,Bacteria;Proteobacteria;Gammaproteobacteria;Betaproteobacteriales;Burkholderiaceae;Limnobacter;45,Primary.carboxylic.acid.amides,0.6067900032147422,2.1591935533725803,0.06286834337394497,8,-0.036954983558560736,0.8946242598525521,Pearson's product-moment correlation,two.sided,0.20485190537577572
DOM,Bacteria;Proteobacteria;Gammaproteobacteria;Betaproteobacteriales;Methylophilaceae;OM43 clade;3485,Primary.carboxylic.acid.amides,0.2910612718365647,0.8605015133800041,0.414555866606094,8,-0.4145321140340606,0.7780941662200311,Pearson's product-moment correlation,two.sided,0.5423512841312809
DOM,Bacteria;Proteobacteria;Gammaproteobacteria;Cellvibrionales;Cellvibrionaceae;Umboniibacter;uncultured bacterium;7259,Primary.carboxylic.acid.amides,-0.6337821382066643,-2.3174915307820085,0.04911136821081263,8,-0.9030500256981655,-0.00691539975949228,Pearson's product-moment correlation,two.sided,0.17877359976320914
DOM,Bacteria;Proteobacteria;Gammaproteobacteria;Oceanospirillales;Marinomonadaceae;Marinomonas;3263,Primary.carboxylic.acid.amides,-0.6494474582432701,-2.4157011815059595,0.04213173226985682,8,-0.9078468351551258,-0.033533186220070704,Pearson's product-moment correlation,two.sided,0.16511084267916862
DOM,Bacteria;Proteobacteria;Gammaproteobacteria;Oceanospirillales;Marinomonadaceae;Marinomonas;6323,Primary.carboxylic.acid.amides,0.1887686103775777,0.5436929910439363,0.6014709666546846,8,-0.5003229099363055,0.7314583882521871,Pearson's product-moment correlation,two.sided,0.7005083547383877
DOM,Bacteria;Proteobacteria;Gammaproteobacteria;Oceanospirillales;Nitrincolaceae;Neptuniibacter;5936,Primary.carboxylic.acid.amides,0.5124721124834472,1.6879975468246555,0.12988963655580862,8,-0.172963669487225,0.8634821502535828,Pearson's product-moment correlation,two.sided,0.2958219471297212
DOM,Bacteria;Proteobacteria;Gammaproteobacteria;Oceanospirillales;Oleiphilaceae;Oleiphilus;2747,Primary.carboxylic.acid.amides,0.769156362432154,3.4042195889520874,0.00930226006470452,8,0.2705544730907633,0.9423974249057397,Pearson's product-moment correlation,two.sided,0.07229132069305506
DOM,Bacteria;Proteobacteria;Gammaproteobacteria;Oceanospirillales;Pseudohongiellaceae;Pseudohongiella;4940,Primary.carboxylic.acid.amides,0.6325872759989106,2.3102030120612174,0.04967334002645483,8,0.004920964016614946,0.9026813744911295,Pearson's product-moment correlation,two.sided,0.18006585759589874
DOM,Bacteria;Bacteroidetes;Bacteroidia;Flavobacteriales;Flavobacteriaceae;2568,Pyrrole.carboxylic.acids,0.33484434649794736,1.0051040145294006,0.3442760094259777,8,-0.37353264979002104,0.7965388949415891,Pearson's product-moment correlation,two.sided,0.4898149028129477
DOM,Bacteria;Bacteroidetes;Bacteroidia;Flavobacteriales;Flavobacteriaceae;Maribacter;2321,Pyrrole.carboxylic.acids,0.42409039639327895,1.3245168640059337,0.22191724418004757,8,-0.2804107536531182,0.8316506222814971,Pearson's product-moment correlation,two.sided,0.39003636855887147
DOM,Bacteria;Bacteroidetes;Bacteroidia;Flavobacteriales;Flavobacteriaceae;Polaribacter 4;7037,Pyrrole.carboxylic.acids,0.04256855265055361,0.12051128663439604,0.9070498464010948,8,-0.6032255685203974,0.6546487731119358,Pearson's product-moment correlation,two.sided,0.9416865947123536
DOM,Bacteria;Bacteroidetes;Bacteroidia;Flavobacteriales;Flavobacteriaceae;Winogradskyella;1626,Pyrrole.carboxylic.acids,0.3555728358984976,1.0760320841403672,0.31328974445088975,8,-0.3531061711087151,0.8049814841779852,Pearson's product-moment correlation,two.sided,0.4574717477724922
DOM,Bacteria;Bacteroidetes;Bacteroidia;Flavobacteriales;Flavobacteriaceae;Winogradskyella;7920,Pyrrole.carboxylic.acids,0.329879250556088,0.9883649936504506,0.3519207762648387,8,-0.37832550364666123,0.7944895527496815,Pearson's product-moment correlation,two.sided,0.49302910684446
DOM,Bacteria;Proteobacteria;Alphaproteobacteria;Caulobacterales;Hyphomonadaceae;Hyphomonas;9037,Pyrrole.carboxylic.acids,-0.7535117421870747,-3.2417727037438495,0.011846130478852294,8,-0.9380827046580484,-0.2357167130064149,Pearson's product-moment correlation,two.sided,0.08808661125300424
DOM,Bacteria;Proteobacteria;Alphaproteobacteria;Caulobacterales;Hyphomonadaceae;Litorimonas;uncultured marine bacterium;4616,Pyrrole.carboxylic.acids,0.4229980271765984,1.3203605422009932,0.22323771371933385,8,-0.2816367924924115,0.8312396925701986,Pearson's product-moment correlation,two.sided,0.39095964375482584
DOM,Bacteria;Proteobacteria;Alphaproteobacteria;Rhodobacterales;Rhodobacteraceae;1503,Pyrrole.carboxylic.acids,-0.30605991066750454,-0.9093035828255259,0.38976220134213324,8,-0.7845087346769352,0.400802353678262,Pearson's product-moment correlation,two.sided,0.5218414489095811
DOM,Bacteria;Proteobacteria;Alphaproteobacteria;Rhodobacterales;Rhodobacteraceae;3349,Pyrrole.carboxylic.acids,0.23588014822490067,0.6865425614016337,0.5117757273540195,8,-0.4624236177405546,0.7535865312971116,Pearson's product-moment correlation,two.sided,0.6183956705527736
DOM,Bacteria;Proteobacteria;Alphaproteobacteria;Rhodobacterales;Rhodobacteraceae;6355,Pyrrole.carboxylic.acids,0.39068195354104107,1.2004177656510695,0.264313727235776,8,-0.31689543797245545,0.8188777339256238,Pearson's product-moment correlation,two.sided,0.4266288361690633
DOM,Bacteria;Proteobacteria;Alphaproteobacteria;Rhodobacterales;Rhodobacteraceae;8714,Pyrrole.carboxylic.acids,-0.3160229865546871,-0.9421307432206966,0.37370154713229053,8,-0.7887138559784855,0.39150320604237127,Pearson's product-moment correlation,two.sided,0.5094814529374886
DOM,Bacteria;Proteobacteria;Alphaproteobacteria;Rhodobacterales;Rhodobacteraceae;Jannaschia;uncultured Thalassobacter sp.;6889,Pyrrole.carboxylic.acids,0.5833597865792624,2.0314731363503302,0.07668178145080595,8,-0.0731253613554847,0.8871405485210854,Pearson's product-moment correlation,two.sided,0.2223039523838257
DOM,Bacteria;Proteobacteria;Alphaproteobacteria;Rhodobacterales;Rhodobacteraceae;Pseudophaeobacter;2713,Pyrrole.carboxylic.acids,-0.34494333371977987,-1.0394445371751135,0.3289907633806353,8,-0.8006747682551609,0.3636658857278763,Pearson's product-moment correlation,two.sided,0.4730941556052112
DOM,Bacteria;Proteobacteria;Alphaproteobacteria;Rhodobacterales;Rhodobacteraceae;Sulfitobacter;4056,Pyrrole.carboxylic.acids,0.3947847679831223,1.2153373880535072,0.2588840806975307,8,-0.3125248594191994,0.8204695243754808,Pearson's product-moment correlation,two.sided,0.4217774348442916
DOM,Bacteria;Proteobacteria;Gammaproteobacteria;Alteromonadales;Alteromonadaceae;3399,Pyrrole.carboxylic.acids,-0.4201088120497453,-1.3094011528437541,0.22675175710743464,8,-0.830150666912556,0.2848684984226541,Pearson's product-moment correlation,two.sided,0.3953387348366095
DOM,Bacteria;Proteobacteria;Gammaproteobacteria;Alteromonadales;Alteromonadaceae;376,Pyrrole.carboxylic.acids,0.3920584343834556,1.2054137552695459,0.2624851811789714,8,-0.31543246515570245,0.8194125096490388,Pearson's product-moment correlation,two.sided,0.425255321463138
DOM,Bacteria;Proteobacteria;Gammaproteobacteria;Alteromonadales;Alteromonadaceae;4531,Pyrrole.carboxylic.acids,0.33356513815301275,1.0007824433144963,0.3462374663657706,8,-0.37477110923217916,0.7960119146471184,Pearson's product-moment correlation,two.sided,0.4898149028129477
DOM,Bacteria;Proteobacteria;Gammaproteobacteria;Alteromonadales;Alteromonadaceae;493,Pyrrole.carboxylic.acids,0.5360718554746374,1.7961263087835804,0.11020343353491117,8,-0.14121957253345144,0.8715337724043942,Pearson's product-moment correlation,two.sided,0.27468977036881065
DOM,Bacteria;Proteobacteria;Gammaproteobacteria;Alteromonadales;Alteromonadaceae;Alteromonas;2666,Pyrrole.carboxylic.acids,-0.8375480453056228,-4.335836536070129,0.0024923145367280906,8,-0.9606061245282529,-0.43989918046702414,Pearson's product-moment correlation,two.sided,0.030539628830330127
DOM,Bacteria;Proteobacteria;Gammaproteobacteria;Alteromonadales;Alteromonadaceae;Alteromonas;3023,Pyrrole.carboxylic.acids,-0.8393849654147791,-4.367941021526946,0.002387068994463152,8,-0.9610810406838297,-0.44487413274301874,Pearson's product-moment correlation,two.sided,0.030044563986674072
DOM,Bacteria;Proteobacteria;Gammaproteobacteria;Alteromonadales;Alteromonadaceae;Alteromonas;592,Pyrrole.carboxylic.acids,0.6152694355357922,2.207544680167398,0.058303856232177584,8,-0.023435563568239354,0.8972934062074349,Pearson's product-moment correlation,two.sided,0.19865298317810443
DOM,Bacteria;Proteobacteria;Gammaproteobacteria;Betaproteobacteriales;Burkholderiaceae;Limnobacter;45,Pyrrole.carboxylic.acids,-0.7093947349994453,-2.8468201703985203,0.021584344897184853,8,-0.9255989488942191,-0.1441564128549563,Pearson's product-moment correlation,two.sided,0.11663590099721007
DOM,Bacteria;Proteobacteria;Gammaproteobacteria;Betaproteobacteriales;Methylophilaceae;OM43 clade;3485,Pyrrole.carboxylic.acids,-0.9795050802583125,-13.754672840553495,7.530809082182946e-7,8,-0.995304833795024,-0.9128594018735374,Pearson's product-moment correlation,two.sided,4.459512316206247e-4
DOM,Bacteria;Proteobacteria;Gammaproteobacteria;Cellvibrionales;Cellvibrionaceae;Umboniibacter;uncultured bacterium;7259,Pyrrole.carboxylic.acids,0.3345173440018932,1.0039987025176877,0.3447768753517385,8,-0.3738494761400638,0.7964042503133922,Pearson's product-moment correlation,two.sided,0.4898149028129477
DOM,Bacteria;Proteobacteria;Gammaproteobacteria;Oceanospirillales;Marinomonadaceae;Marinomonas;3263,Pyrrole.carboxylic.acids,0.33332713544750564,0.999979082208257,0.34660302928284614,8,-0.37500125183110383,0.7959137900795897,Pearson's product-moment correlation,two.sided,0.4898149028129477
DOM,Bacteria;Proteobacteria;Gammaproteobacteria;Oceanospirillales;Marinomonadaceae;Marinomonas;6323,Pyrrole.carboxylic.acids,0.40917384094767506,1.2683546640834464,0.24033389830290325,8,-0.29695630650632004,0.826000445345832,Pearson's product-moment correlation,two.sided,0.4083798662568864
DOM,Bacteria;Proteobacteria;Gammaproteobacteria;Oceanospirillales;Nitrincolaceae;Neptuniibacter;5936,Pyrrole.carboxylic.acids,-0.41066884778405516,-1.2739269228864165,0.2384506587939773,8,-0.82657053475304,0.29531693430122763,Pearson's product-moment correlation,two.sided,0.407567923675364
DOM,Bacteria;Proteobacteria;Gammaproteobacteria;Oceanospirillales;Oleiphilaceae;Oleiphilus;2747,Pyrrole.carboxylic.acids,-0.5195624736688421,-1.7199072542548872,0.12376300478327745,8,-0.8659201453541936,0.16357373508430958,Pearson's product-moment correlation,two.sided,0.28636652702513665
DOM,Bacteria;Proteobacteria;Gammaproteobacteria;Oceanospirillales;Pseudohongiellaceae;Pseudohongiella;4940,Pyrrole.carboxylic.acids,-0.6202183674053986,-2.2363298609621154,0.05574374736682635,8,-0.8988417533368778,0.015435639785855193,Pearson's product-moment correlation,two.sided,0.1932153793192786
DOM,Bacteria;Bacteroidetes;Bacteroidia;Flavobacteriales;Flavobacteriaceae;2568,Pyrrolidine.carboxylic.acids,0.27443755738921,0.8072199020166703,0.44287585463972257,8,-0.42938319868186986,0.7708638929878294,Pearson's product-moment correlation,two.sided,0.5616647136101438
DOM,Bacteria;Bacteroidetes;Bacteroidia;Flavobacteriales;Flavobacteriaceae;Maribacter;2321,Pyrrolidine.carboxylic.acids,0.46633146344213594,1.4910349918717292,0.17428975889274897,8,-0.2311695942912885,0.8472058082311962,Pearson's product-moment correlation,two.sided,0.35155704005084537
DOM,Bacteria;Bacteroidetes;Bacteroidia;Flavobacteriales;Flavobacteriaceae;Polaribacter 4;7037,Pyrrolidine.carboxylic.acids,0.09051074364929038,0.2570581429398158,0.8036217822963123,8,-0.571695296673571,0.6813105557820999,Pearson's product-moment correlation,two.sided,0.8685893634442858
DOM,Bacteria;Bacteroidetes;Bacteroidia;Flavobacteriales;Flavobacteriaceae;Winogradskyella;1626,Pyrrolidine.carboxylic.acids,0.40168382388113794,1.2406204429553787,0.24989410819802113,8,-0.3051074034841654,0.8231313886181895,Pearson's product-moment correlation,two.sided,0.41637989221038724
DOM,Bacteria;Bacteroidetes;Bacteroidia;Flavobacteriales;Flavobacteriaceae;Winogradskyella;7920,Pyrrolidine.carboxylic.acids,0.2597919030548817,0.760929257124175,0.4685322280983175,8,-0.44215917621327405,0.7643861703566162,Pearson's product-moment correlation,two.sided,0.577369742840703
DOM,Bacteria;Proteobacteria;Alphaproteobacteria;Caulobacterales;Hyphomonadaceae;Hyphomonas;9037,Pyrrolidine.carboxylic.acids,-0.7169126607238563,-2.9085525766852287,0.01963260450999096,8,-0.9277600664926969,-0.15910372317066188,Pearson's product-moment correlation,two.sided,0.1154078778627847
DOM,Bacteria;Proteobacteria;Alphaproteobacteria;Caulobacterales;Hyphomonadaceae;Litorimonas;uncultured marine bacterium;4616,Pyrrolidine.carboxylic.acids,0.46606781570036127,1.489958003276964,0.17456625437007495,8,-0.2314884298043577,0.8471107043660242,Pearson's product-moment correlation,two.sided,0.35155704005084537
DOM,Bacteria;Proteobacteria;Alphaproteobacteria;Rhodobacterales;Rhodobacteraceae;1503,Pyrrolidine.carboxylic.acids,-0.30760909618598237,-0.9143859068122151,0.38724322603731,8,-0.7851655022089226,0.39936590417783524,Pearson's product-moment correlation,two.sided,0.5207134569589794
DOM,Bacteria;Proteobacteria;Alphaproteobacteria;Rhodobacterales;Rhodobacteraceae;3349,Pyrrolidine.carboxylic.acids,0.28271104336859776,0.8336356481407541,0.4286727269499999,8,-0.42203921072896866,0.7744784006933312,Pearson's product-moment correlation,two.sided,0.555893201070906
DOM,Bacteria;Proteobacteria;Alphaproteobacteria;Rhodobacterales;Rhodobacteraceae;6355,Pyrrolidine.carboxylic.acids,0.39841220061803456,1.2285999994110246,0.2541353135215122,8,-0.3086355825259956,0.821871402316474,Pearson's product-moment correlation,two.sided,0.41637989221038724
DOM,Bacteria;Proteobacteria;Alphaproteobacteria;Rhodobacterales;Rhodobacteraceae;8714,Pyrrolidine.carboxylic.acids,-0.2796115540227852,-0.8237163017182251,0.4339686693333571,8,-0.7731280514861214,0.42480136080910835,Pearson's product-moment correlation,two.sided,0.5574891721552538
DOM,Bacteria;Proteobacteria;Alphaproteobacteria;Rhodobacterales;Rhodobacteraceae;Jannaschia;uncultured Thalassobacter sp.;6889,Pyrrolidine.carboxylic.acids,0.5297999701959079,1.7668442716749826,0.11523903197291634,8,-0.14979401922868732,0.8694114731927859,Pearson's product-moment correlation,two.sided,0.28241678258151326
DOM,Bacteria;Proteobacteria;Alphaproteobacteria;Rhodobacterales;Rhodobacteraceae;Pseudophaeobacter;2713,Pyrrolidine.carboxylic.acids,-0.3320020607993989,-0.9955103125054018,0.3486418703638394,8,-0.7953670390897472,0.37628097124140947,Pearson's product-moment correlation,two.sided,0.4916019890057379
DOM,Bacteria;Proteobacteria;Alphaproteobacteria;Rhodobacterales;Rhodobacteraceae;Sulfitobacter;4056,Pyrrolidine.carboxylic.acids,0.4031761220180652,1.2461221300620824,0.24797272686993285,8,-0.30349161216453013,0.8237047361649861,Pearson's product-moment correlation,two.sided,0.4163353391937991
DOM,Bacteria;Proteobacteria;Gammaproteobacteria;Alteromonadales;Alteromonadaceae;3399,Pyrrolidine.carboxylic.acids,-0.3833661535485862,-1.1740227388819484,0.2741490845809442,8,-0.8160229462587699,0.3246148362103196,Pearson's product-moment correlation,two.sided,0.43523668537485666
DOM,Bacteria;Proteobacteria;Gammaproteobacteria;Alteromonadales;Alteromonadaceae;376,Pyrrolidine.carboxylic.acids,0.39996563731604606,1.234300558098834,0.25211655478130546,8,-0.3069627499861054,0.8224701877771985,Pearson's product-moment correlation,two.sided,0.41637989221038724
DOM,Bacteria;Proteobacteria;Gammaproteobacteria;Alteromonadales;Alteromonadaceae;4531,Pyrrolidine.carboxylic.acids,0.2685825643558652,0.7886436050175754,0.45305477655570625,8,-0.43452476114284194,0.768286509663512,Pearson's product-moment correlation,two.sided,0.5679505123969228
DOM,Bacteria;Proteobacteria;Gammaproteobacteria;Alteromonadales;Alteromonadaceae;493,Pyrrolidine.carboxylic.acids,0.5084854548605667,1.670262679937624,0.13341510152770178,8,-0.17818913264741332,0.8621041104958598,Pearson's product-moment correlation,two.sided,0.2983815740320029
DOM,Bacteria;Proteobacteria;Gammaproteobacteria;Alteromonadales;Alteromonadaceae;Alteromonas;2666,Pyrrolidine.carboxylic.acids,-0.8263502712563707,-4.1503055979075345,0.003207626321704129,8,-0.9576954307331398,-0.41009096188360006,Pearson's product-moment correlation,two.sided,0.035544080581242476
DOM,Bacteria;Proteobacteria;Gammaproteobacteria;Alteromonadales;Alteromonadaceae;Alteromonas;3023,Pyrrolidine.carboxylic.acids,-0.8188048959523555,-4.03421590859871,0.0037659079095467376,8,-0.9557188510732317,-0.39049462098906457,Pearson's product-moment correlation,two.sided,0.03854517507418425
DOM,Bacteria;Proteobacteria;Gammaproteobacteria;Alteromonadales;Alteromonadaceae;Alteromonas;592,Pyrrolidine.carboxylic.acids,0.5921688740771848,2.078527719134104,0.07127812021434604,8,-0.05972595630725379,0.8899730761963174,Pearson's product-moment correlation,two.sided,0.21604537078265063
DOM,Bacteria;Proteobacteria;Gammaproteobacteria;Betaproteobacteriales;Burkholderiaceae;Limnobacter;45,Pyrrolidine.carboxylic.acids,-0.6730123606359824,-2.57366959153944,0.032939016829638554,8,-0.9149373570372216,-0.07528985748527883,Pearson's product-moment correlation,two.sided,0.14942201814767436
DOM,Bacteria;Proteobacteria;Gammaproteobacteria;Betaproteobacteriales;Methylophilaceae;OM43 clade;3485,Pyrrolidine.carboxylic.acids,-0.9508211227531744,-8.682519856237144,2.4111776171284346e-5,8,-0.9886063702834789,-0.8003099906826311,Pearson's product-moment correlation,two.sided,0.0017481037724181151
DOM,Bacteria;Proteobacteria;Gammaproteobacteria;Cellvibrionales;Cellvibrionaceae;Umboniibacter;uncultured bacterium;7259,Pyrrolidine.carboxylic.acids,0.27220768176165616,0.8001338244864733,0.44674013471229357,8,-0.43134675799918337,0.7698842085315959,Pearson's product-moment correlation,two.sided,0.5657407819500662
DOM,Bacteria;Proteobacteria;Gammaproteobacteria;Oceanospirillales;Marinomonadaceae;Marinomonas;3263,Pyrrolidine.carboxylic.acids,0.26786205734013785,0.7863642004225606,0.4543146006039819,8,-0.43515432350727706,0.7679682169677765,Pearson's product-moment correlation,two.sided,0.5687103633459917
DOM,Bacteria;Proteobacteria;Gammaproteobacteria;Oceanospirillales;Marinomonadaceae;Marinomonas;6323,Pyrrolidine.carboxylic.acids,0.434212938870573,1.3633721876409666,0.20989367191497169,8,-0.2689391404092543,0.8354374256028966,Pearson's product-moment correlation,two.sided,0.37929757900733246
DOM,Bacteria;Proteobacteria;Gammaproteobacteria;Oceanospirillales;Nitrincolaceae;Neptuniibacter;5936,Pyrrolidine.carboxylic.acids,-0.4047607151378036,-1.2519770797182235,0.24594156007623386,8,-0.8243126039474107,0.3017714274672775,Pearson's product-moment correlation,two.sided,0.41386684190778233
DOM,Bacteria;Proteobacteria;Gammaproteobacteria;Oceanospirillales;Oleiphilaceae;Oleiphilus;2747,Pyrrolidine.carboxylic.acids,-0.5019524545202321,-1.6415120729402843,0.1393184884302154,8,-0.8598345291737381,0.18666925896899866,Pearson's product-moment correlation,two.sided,0.30454041440775725
DOM,Bacteria;Proteobacteria;Gammaproteobacteria;Oceanospirillales;Pseudohongiellaceae;Pseudohongiella;4940,Pyrrolidine.carboxylic.acids,-0.5946369778077782,-2.091914480154176,0.06980993026473752,8,-0.8907625853691771,0.055929141861795297,Pearson's product-moment correlation,two.sided,0.2147268795809069
DOM,Bacteria;Bacteroidetes;Bacteroidia;Flavobacteriales;Flavobacteriaceae;2568,Steroidal.glycosides,-0.2756508139705078,-0.811081282634799,0.44077975984829276,8,-0.7713959463940138,0.42831204010415797,Pearson's product-moment correlation,two.sided,0.5598224687124302
DOM,Bacteria;Bacteroidetes;Bacteroidia;Flavobacteriales;Flavobacteriaceae;Maribacter;2321,Steroidal.glycosides,0.8212629758325962,4.0713050782264775,0.0035769483745607847,8,0.39683623653731964,0.9563641269740015,Pearson's product-moment correlation,two.sided,0.03738489912156639
DOM,Bacteria;Bacteroidetes;Bacteroidia;Flavobacteriales;Flavobacteriaceae;Polaribacter 4;7037,Steroidal.glycosides,0.7250480173216,2.9777123403910215,0.01766196751260412,8,0.17557194090895356,0.9300828474025407,Pearson's product-moment correlation,two.sided,0.1089553420852162
DOM,Bacteria;Bacteroidetes;Bacteroidia;Flavobacteriales;Flavobacteriaceae;Winogradskyella;1626,Steroidal.glycosides,0.8645145142799355,4.865057885453132,0.0012477684589716274,8,0.5154686801120837,0.9675065882388232,Pearson's product-moment correlation,two.sided,0.023096990623517357
DOM,Bacteria;Bacteroidetes;Bacteroidia;Flavobacteriales;Flavobacteriaceae;Winogradskyella;7920,Steroidal.glycosides,-0.28077775170489844,-0.8274452011062129,0.4319725184640504,8,-0.7736366523766666,0.4237636253636867,Pearson's product-moment correlation,two.sided,0.5574891721552538
DOM,Bacteria;Proteobacteria;Alphaproteobacteria;Caulobacterales;Hyphomonadaceae;Hyphomonas;9037,Steroidal.glycosides,-0.06075692882057135,-0.1721646038723845,0.8675837415259977,8,-0.6649462680685133,0.5914965764289875,Pearson's product-moment correlation,two.sided,0.9115916124729686
DOM,Bacteria;Proteobacteria;Alphaproteobacteria;Caulobacterales;Hyphomonadaceae;Litorimonas;uncultured marine bacterium;4616,Steroidal.glycosides,0.8105920601293849,3.9150556797489857,0.004449255592593674,8,0.36959702078693096,0.9535532911057583,Pearson's product-moment correlation,two.sided,0.042859930240041526
DOM,Bacteria;Proteobacteria;Alphaproteobacteria;Rhodobacterales;Rhodobacteraceae;1503,Steroidal.glycosides,0.01586523936373802,0.04487932190571532,0.9653035230762586,8,-0.6199538870125566,0.6391073861673068,Pearson's product-moment correlation,two.sided,0.9776648021843364
DOM,Bacteria;Proteobacteria;Alphaproteobacteria;Rhodobacterales;Rhodobacteraceae;3349,Steroidal.glycosides,0.7144780450711714,2.888338992547614,0.020250699316348198,8,0.1542350042158093,0.9270617520818127,Pearson's product-moment correlation,two.sided,0.11663590099721007
DOM,Bacteria;Proteobacteria;Alphaproteobacteria;Rhodobacterales;Rhodobacteraceae;6355,Steroidal.glycosides,0.008640392565309931,0.024439633004514905,0.9811005522699402,8,-0.6243826860030509,0.6348131706590113,Pearson's product-moment correlation,two.sided,0.9833611526207925
DOM,Bacteria;Proteobacteria;Alphaproteobacteria;Rhodobacterales;Rhodobacteraceae;8714,Steroidal.glycosides,0.34041474227454227,1.0239960591435309,0.33580095130191306,8,-0.36811009467073186,0.7988255149982801,Pearson's product-moment correlation,two.sided,0.4812962563964816
DOM,Bacteria;Proteobacteria;Alphaproteobacteria;Rhodobacterales;Rhodobacteraceae;Jannaschia;uncultured Thalassobacter sp.;6889,Steroidal.glycosides,-0.18662237122386546,-0.5372869833507896,0.6056869379716343,8,-0.7304223291356761,0.5019887936839775,Pearson's product-moment correlation,two.sided,0.7035348945731934
DOM,Bacteria;Proteobacteria;Alphaproteobacteria;Rhodobacterales;Rhodobacteraceae;Pseudophaeobacter;2713,Steroidal.glycosides,0.011416668078875399,0.03229331829765619,0.9750292934367788,8,-0.622685642719932,0.6364678880455923,Pearson's product-moment correlation,two.sided,0.9806653009132921
DOM,Bacteria;Proteobacteria;Alphaproteobacteria;Rhodobacterales;Rhodobacteraceae;Sulfitobacter;4056,Steroidal.glycosides,0.02526050896355028,0.07147031474103065,0.9447778824990878,8,-0.6141333869151407,0.6446341096028586,Pearson's product-moment correlation,two.sided,0.9670079503225957
DOM,Bacteria;Proteobacteria;Gammaproteobacteria;Alteromonadales;Alteromonadaceae;3399,Steroidal.glycosides,-0.33779748332362236,-1.0151046153155412,0.3397695257731127,8,-0.7977527903771917,0.3706639075071253,Pearson's product-moment correlation,two.sided,0.48538503681873246
DOM,Bacteria;Proteobacteria;Gammaproteobacteria;Alteromonadales;Alteromonadaceae;376,Steroidal.glycosides,0.01293823726961775,0.03659792457738335,0.9717023432605674,8,-0.6217530214461776,0.6373723403838353,Pearson's product-moment correlation,two.sided,0.9801528618444851
DOM,Bacteria;Proteobacteria;Gammaproteobacteria;Alteromonadales;Alteromonadaceae;4531,Steroidal.glycosides,-0.27878533268753464,-0.8210768665504877,0.43538545882917634,8,-0.7727673361870815,0.42553545125920983,Pearson's product-moment correlation,two.sided,0.5574891721552538
DOM,Bacteria;Proteobacteria;Gammaproteobacteria;Alteromonadales;Alteromonadaceae;493,Steroidal.glycosides,0.35584209064788924,1.076964983387379,0.3128972272500729,8,-0.3528363186164051,0.8050899655379028,Pearson's product-moment correlation,two.sided,0.4574717477724922
DOM,Bacteria;Proteobacteria;Gammaproteobacteria;Alteromonadales;Alteromonadaceae;Alteromonas;2666,Steroidal.glycosides,-0.6157165098602578,-2.210127599014582,0.05806945715103581,8,-0.897433565785654,0.022716215513248775,Pearson's product-moment correlation,two.sided,0.19865298317810443
DOM,Bacteria;Proteobacteria;Gammaproteobacteria;Alteromonadales;Alteromonadaceae;Alteromonas;3023,Steroidal.glycosides,-0.6237957047868815,-2.25740667327622,0.05394022818681454,8,-0.8999566626508729,0.009601768894574283,Pearson's product-moment correlation,two.sided,0.18912259648505703
DOM,Bacteria;Proteobacteria;Gammaproteobacteria;Alteromonadales;Alteromonadaceae;Alteromonas;592,Steroidal.glycosides,0.46874150644309814,1.5009035251478893,0.17177434627378363,8,-0.22824811099890077,0.8480740367273463,Pearson's product-moment correlation,two.sided,0.3483535693664143
DOM,Bacteria;Proteobacteria;Gammaproteobacteria;Betaproteobacteriales;Burkholderiaceae;Limnobacter;45,Steroidal.glycosides,-0.1466231816321192,-0.4192439973350938,0.6860686469627824,8,-0.7106443508634039,0.5321280122311958,Pearson's product-moment correlation,two.sided,0.7761764926627057
DOM,Bacteria;Proteobacteria;Gammaproteobacteria;Betaproteobacteriales;Methylophilaceae;OM43 clade;3485,Steroidal.glycosides,-0.5422358718047487,-1.8253113734092865,0.10539139027393278,8,-0.8736073955097204,0.13269240846267938,Pearson's product-moment correlation,two.sided,0.269403597090211
DOM,Bacteria;Proteobacteria;Gammaproteobacteria;Cellvibrionales;Cellvibrionaceae;Umboniibacter;uncultured bacterium;7259,Steroidal.glycosides,-0.27709084345112694,-0.815669850349221,0.43829778092331195,8,-0.7720265490085106,0.42703809574587365,Pearson's product-moment correlation,two.sided,0.5588061336645571
DOM,Bacteria;Proteobacteria;Gammaproteobacteria;Oceanospirillales;Marinomonadaceae;Marinomonas;3263,Steroidal.glycosides,-0.27904718057037387,-0.8219131477766495,0.434936216613544,8,-0.772881689424937,0.4253029019905982,Pearson's product-moment correlation,two.sided,0.5574891721552538
DOM,Bacteria;Proteobacteria;Gammaproteobacteria;Oceanospirillales;Marinomonadaceae;Marinomonas;6323,Steroidal.glycosides,0.6052285909209706,2.1504192557639565,0.06373364654573001,8,-0.039419036509283883,0.8941305103225758,Pearson's product-moment correlation,two.sided,0.2061274070438108
DOM,Bacteria;Proteobacteria;Gammaproteobacteria;Oceanospirillales;Nitrincolaceae;Neptuniibacter;5936,Steroidal.glycosides,-0.03286119712998922,-0.09299572597883894,0.9281937053876841,8,-0.6490583033951384,0.6093732017558666,Pearson's product-moment correlation,two.sided,0.9533984931372907
DOM,Bacteria;Proteobacteria;Gammaproteobacteria;Oceanospirillales;Oleiphilaceae;Oleiphilus;2747,Steroidal.glycosides,0.1254527630015479,0.35765965425515295,0.7298505039589092,8,-0.5474127741343711,0.6998027894018962,Pearson's product-moment correlation,two.sided,0.8099106357707282
DOM,Bacteria;Proteobacteria;Gammaproteobacteria;Oceanospirillales;Pseudohongiellaceae;Pseudohongiella;4940,Steroidal.glycosides,-0.06391101258566491,-0.18113795974911123,0.8607643131567719,8,-0.6667089101548102,0.5894341500717096,Pearson's product-moment correlation,two.sided,0.9077580858932969
DOM,Bacteria;Bacteroidetes;Bacteroidia;Flavobacteriales;Flavobacteriaceae;2568,Tricarboxylic.acids.and.derivatives,0.31460810525263494,0.9374481702105968,0.3759621756159398,8,-0.3928326646054182,0.7881193589098375,Pearson's product-moment correlation,two.sided,0.5094814529374886
DOM,Bacteria;Bacteroidetes;Bacteroidia;Flavobacteriales;Flavobacteriaceae;Maribacter;2321,Tricarboxylic.acids.and.derivatives,0.43995044151000645,1.3856761725611035,0.20324934169335332,8,-0.26234717155146037,0.8375670185593073,Pearson's product-moment correlation,two.sided,0.3767186684823189
DOM,Bacteria;Bacteroidetes;Bacteroidia;Flavobacteriales;Flavobacteriaceae;Polaribacter 4;7037,Tricarboxylic.acids.and.derivatives,0.08093193495635663,0.2296634610925503,0.8241164411838353,8,-0.5781553554907922,0.6761059872097764,Pearson's product-moment correlation,two.sided,0.8829819012683949
DOM,Bacteria;Bacteroidetes;Bacteroidia;Flavobacteriales;Flavobacteriaceae;Winogradskyella;1626,Tricarboxylic.acids.and.derivatives,0.38354799621084534,1.1746756397825293,0.2739022358703661,8,-0.3244240978885623,0.8160941620353211,Pearson's product-moment correlation,two.sided,0.43523668537485666
DOM,Bacteria;Bacteroidetes;Bacteroidia;Flavobacteriales;Flavobacteriaceae;Winogradskyella;7920,Tricarboxylic.acids.and.derivatives,0.3138225409448311,0.9348513293344863,0.37722021047077314,8,-0.39356952638419973,0.7877889029524897,Pearson's product-moment correlation,two.sided,0.5103912645561005
DOM,Bacteria;Proteobacteria;Alphaproteobacteria;Caulobacterales;Hyphomonadaceae;Hyphomonas;9037,Tricarboxylic.acids.and.derivatives,-0.7169558355952874,-2.9089130013983184,0.019621762692585965,8,-0.9277724369167216,-0.1591903093653789,Pearson's product-moment correlation,two.sided,0.1154078778627847
DOM,Bacteria;Proteobacteria;Alphaproteobacteria;Caulobacterales;Hyphomonadaceae;Litorimonas;uncultured marine bacterium;4616,Tricarboxylic.acids.and.derivatives,0.43673409901668325,1.373147420120097,0.20695881486515205,8,-0.2660506034172333,0.8363746927498406,Pearson's product-moment correlation,two.sided,0.3788659045783929
DOM,Bacteria;Proteobacteria;Alphaproteobacteria;Rhodobacterales;Rhodobacteraceae;1503,Tricarboxylic.acids.and.derivatives,-0.2687745882260029,-0.7892513345784373,0.4527192839259969,8,-0.7683712968479955,0.43435685908774707,Pearson's product-moment correlation,two.sided,0.5679505123969228
DOM,Bacteria;Proteobacteria;Alphaproteobacteria;Rhodobacterales;Rhodobacteraceae;3349,Tricarboxylic.acids.and.derivatives,0.2517421753434523,0.7357290392814625,0.48290623244156516,8,-0.4490620253096324,0.7607818879321759,Pearson's product-moment correlation,two.sided,0.588415157176697
DOM,Bacteria;Proteobacteria;Alphaproteobacteria;Rhodobacterales;Rhodobacteraceae;6355,Tricarboxylic.acids.and.derivatives,0.36686252756488624,1.1154161275146086,0.29705426252864053,8,-0.3416893241959979,0.8095044040749874,Pearson's product-moment correlation,two.sided,0.4471231979237323
DOM,Bacteria;Proteobacteria;Alphaproteobacteria;Rhodobacterales;Rhodobacteraceae;8714,Tricarboxylic.acids.and.derivatives,-0.2690840220238544,-0.7902308641346726,0.4521788952871222,8,-0.7685078889136256,0.4340861931531139,Pearson's product-moment correlation,two.sided,0.5679505123969228
DOM,Bacteria;Proteobacteria;Alphaproteobacteria;Rhodobacterales;Rhodobacteraceae;Jannaschia;uncultured Thalassobacter sp.;6889,Tricarboxylic.acids.and.derivatives,0.5553939876608714,1.8890275593188353,0.09556884623214798,8,-0.11414923384388137,0.8779939890440177,Pearson's product-moment correlation,two.sided,0.2553944568020382
DOM,Bacteria;Proteobacteria;Alphaproteobacteria;Rhodobacterales;Rhodobacteraceae;Pseudophaeobacter;2713,Tricarboxylic.acids.and.derivatives,-0.3065522943679447,-0.9109180508163742,0.3889607259335712,8,-0.7847175940978691,0.4003461777522131,Pearson's product-moment correlation,two.sided,0.5218414489095811
DOM,Bacteria;Proteobacteria;Alphaproteobacteria;Rhodobacterales;Rhodobacteraceae;Sulfitobacter;4056,Tricarboxylic.acids.and.derivatives,0.37173731862602977,1.1325960607324592,0.29018567605029555,8,-0.33669412464555964,0.8114412551462893,Pearson's product-moment correlation,two.sided,0.4413663254611139
DOM,Bacteria;Proteobacteria;Gammaproteobacteria;Alteromonadales;Alteromonadaceae;3399,Tricarboxylic.acids.and.derivatives,-0.4521065127921111,-1.4336345248204876,0.18958042724547877,8,-0.8420394268409032,0.2481607749525822,Pearson's product-moment correlation,two.sided,0.36898203960529424
DOM,Bacteria;Proteobacteria;Gammaproteobacteria;Alteromonadales;Alteromonadaceae;376,Tricarboxylic.acids.and.derivatives,0.36841896759241194,1.1208897367795387,0.2948519037688313,8,-0.3400987783776432,0.8101238573021068,Pearson's product-moment correlation,two.sided,0.44534922965083895
DOM,Bacteria;Proteobacteria;Gammaproteobacteria;Alteromonadales;Alteromonadaceae;4531,Tricarboxylic.acids.and.derivatives,0.31516929150655104,0.9393045928712779,0.37506473558444064,8,-0.39230571328497815,0.7883552608297529,Pearson's product-moment correlation,two.sided,0.5094814529374886
DOM,Bacteria;Proteobacteria;Gammaproteobacteria;Alteromonadales;Alteromonadaceae;493,Tricarboxylic.acids.and.derivatives,0.5356882499756845,1.794323504629947,0.11050737888400428,8,-0.14174694276703878,0.8714043266999844,Pearson's product-moment correlation,two.sided,0.27468977036881065
DOM,Bacteria;Proteobacteria;Gammaproteobacteria;Alteromonadales;Alteromonadaceae;Alteromonas;2666,Tricarboxylic.acids.and.derivatives,-0.858290137256612,-4.730666319031095,0.0014816542176175347,8,-0.9659273328364891,-0.4975301429738307,Pearson's product-moment correlation,two.sided,0.024321493760891606
DOM,Bacteria;Proteobacteria;Gammaproteobacteria;Alteromonadales;Alteromonadaceae;Alteromonas;3023,Tricarboxylic.acids.and.derivatives,-0.8610804585882105,-4.789878330968825,0.0013731957035369368,8,-0.966636288656755,-0.5055338193926144,Pearson's product-moment correlation,two.sided,0.023603614848761532
DOM,Bacteria;Proteobacteria;Gammaproteobacteria;Alteromonadales;Alteromonadaceae;Alteromonas;592,Tricarboxylic.acids.and.derivatives,0.6187213979724273,2.2275776884021763,0.05651013293022629,8,-0.01786409923693228,0.8983741366835616,Pearson's product-moment correlation,two.sided,0.19509450654482888
DOM,Bacteria;Proteobacteria;Gammaproteobacteria;Betaproteobacteriales;Burkholderiaceae;Limnobacter;45,Tricarboxylic.acids.and.derivatives,-0.6782844545368675,-2.610886831923766,0.031087442724290818,8,-0.9165035119636202,-0.08492798710521568,Pearson's product-moment correlation,two.sided,0.14463141802210167
DOM,Bacteria;Proteobacteria;Gammaproteobacteria;Betaproteobacteriales;Methylophilaceae;OM43 clade;3485,Tricarboxylic.acids.and.derivatives,-0.973499677352054,-12.040282996038378,2.0897988597454225e-6,8,-0.9939148285409594,-0.8884262533950761,Pearson's product-moment correlation,two.sided,4.459512316206247e-4
DOM,Bacteria;Proteobacteria;Gammaproteobacteria;Cellvibrionales;Cellvibrionaceae;Umboniibacter;uncultured bacterium;7259,Tricarboxylic.acids.and.derivatives,0.3150204938796415,0.9388122589528732,0.3753025874448971,8,-0.39244547882917163,0.7882927253702796,Pearson's product-moment correlation,two.sided,0.5094814529374886
DOM,Bacteria;Proteobacteria;Gammaproteobacteria;Oceanospirillales;Marinomonadaceae;Marinomonas;3263,Tricarboxylic.acids.and.derivatives,0.3151384085133716,0.9392024024922003,0.375114095701958,8,-0.39233472435336264,0.7883422823799924,Pearson's product-moment correlation,two.sided,0.5094814529374886
DOM,Bacteria;Proteobacteria;Gammaproteobacteria;Oceanospirillales;Marinomonadaceae;Marinomonas;6323,Tricarboxylic.acids.and.derivatives,0.4081896065526645,1.2646928829372999,0.24157826712562272,8,-0.2980333160047033,0.8256246621822505,Pearson's product-moment correlation,two.sided,0.40969413723058823
DOM,Bacteria;Proteobacteria;Gammaproteobacteria;Oceanospirillales;Nitrincolaceae;Neptuniibacter;5936,Tricarboxylic.acids.and.derivatives,-0.37294715378801385,-1.136876549483612,0.2884943388421783,8,-0.8119204552731635,0.3354481993705861,Pearson's product-moment correlation,two.sided,0.4413663254611139
DOM,Bacteria;Proteobacteria;Gammaproteobacteria;Oceanospirillales;Oleiphilaceae;Oleiphilus;2747,Tricarboxylic.acids.and.derivatives,-0.4762903731394315,-1.5320947507247806,0.16403616237489985,8,-0.850780430463042,0.2190153265157746,Pearson's product-moment correlation,two.sided,0.335791673567442
DOM,Bacteria;Proteobacteria;Gammaproteobacteria;Oceanospirillales;Pseudohongiellaceae;Pseudohongiella;4940,Tricarboxylic.acids.and.derivatives,-0.5825878247063996,-2.0274022833059626,0.07716757887346594,8,-0.8868912316617988,0.07428839696449899,Pearson's product-moment correlation,two.sided,0.2223039523838257
